 Mortalidade - Brasil
Óbitos p/Residênc por Município e Capítulo CID-10
Período:2013
"Município";"Cap I";"Cap II";"Cap III";"Cap IV";"Cap V";"Cap VI";"Cap VII";"Cap VIII";"Cap IX";"Cap X";"Cap XI";"Cap XII";"Cap XIII";"Cap XIV";"Cap XV";"Cap XVI";"Cap XVII";"Cap XVIII";"Cap XX";"Total"
"110001 Alta Floresta D'Oeste";3;12;-;7;-;2;-;-;29;10;6;-;-;1;-;4;6;11;21;112
"110037 Alto Alegre dos Parecis";-;6;-;4;2;-;-;-;8;3;2;1;-;1;-;-;1;4;11;43
"110040 Alto Paraíso";3;8;-;1;-;1;-;-;7;8;2;-;-;-;1;-;-;8;18;57
"110034 Alvorada D'Oeste";1;11;2;7;-;2;-;-;28;5;2;1;-;2;-;-;-;7;13;81
"110002 Ariquemes";24;66;-;30;1;8;-;-;115;43;23;-;1;14;1;10;5;11;125;477
"110045 Buritis";5;19;-;4;3;3;-;-;36;13;7;-;-;2;1;3;1;2;34;133
"110003 Cabixi";-;5;-;1;-;-;-;-;8;4;-;-;-;-;-;1;-;1;3;23
"110060 Cacaulândia";-;3;-;2;-;1;-;-;7;4;-;-;-;-;-;1;-;3;10;31
"110004 Cacoal";17;62;3;37;2;8;-;-;126;29;18;2;4;5;-;12;3;1;50;379
"110070 Campo Novo de Rondônia";1;2;1;4;-;-;-;-;8;5;-;-;-;3;-;1;-;4;5;34
"110080 Candeias do Jamari";9;18;1;3;1;2;-;-;35;5;6;-;1;-;-;5;3;5;35;129
"110090 Castanheiras";-;1;-;2;-;-;-;-;3;-;-;-;-;1;-;2;-;2;3;14
"110005 Cerejeiras";2;18;1;11;1;-;-;-;23;14;3;-;1;-;-;1;-;10;16;101
"110092 Chupinguaia";5;3;-;2;-;-;-;-;4;1;1;-;-;1;1;1;-;4;8;31
"110006 Colorado do Oeste";4;13;-;8;-;3;-;-;33;16;4;-;-;1;-;-;4;11;8;105
"110007 Corumbiara";-;2;-;3;-;-;-;-;10;1;1;1;-;1;-;1;-;2;3;25
"110008 Costa Marques";-;2;-;-;-;2;-;-;11;2;4;-;-;-;-;3;1;4;7;36
"110094 Cujubim";3;5;1;6;-;-;-;-;12;4;1;-;-;-;-;2;-;3;10;47
"110009 Espigão D'Oeste";7;16;1;7;-;-;-;-;26;5;8;-;-;5;-;3;3;35;16;132
"110100 Governador Jorge Teixeira";2;6;1;4;-;-;-;-;6;1;1;-;-;2;-;3;-;7;8;41
"110010 Guajará-Mirim";9;29;2;23;3;-;-;-;56;24;12;-;1;8;-;7;1;16;22;213
"110110 Itapuã do Oeste";1;7;-;2;-;-;-;-;13;4;-;-;-;-;2;-;-;7;8;44
"110011 Jaru";6;29;1;16;1;2;-;-;54;14;12;-;-;5;1;5;1;39;41;227
"110012 Ji-Paraná";42;68;6;35;2;8;-;-;221;52;37;1;2;23;-;17;3;53;100;670
"110013 Machadinho D'Oeste";5;10;-;10;1;-;-;-;27;6;8;-;-;3;1;4;1;22;29;127
"110120 Ministro Andreazza";3;9;-;9;-;-;-;-;20;2;-;-;-;2;-;1;-;5;10;61
"110130 Mirante da Serra";3;7;-;6;-;1;-;-;14;2;4;-;-;3;-;1;1;5;7;54
"110140 Monte Negro";-;10;-;5;-;3;-;-;11;4;6;-;1;1;-;-;2;8;9;60
"110014 Nova Brasilândia D'Oeste";5;13;1;3;3;2;-;-;18;5;4;-;1;1;-;3;-;2;13;74
"110033 Nova Mamoré";5;14;1;8;1;1;-;-;25;12;3;-;1;3;-;3;1;10;28;116
"110143 Nova União";-;2;-;-;1;-;-;-;6;1;-;-;-;-;-;2;2;1;5;20
"110050 Novo Horizonte do Oeste";-;7;-;2;-;-;-;-;16;2;-;-;-;3;-;-;2;5;5;42
"110015 Ouro Preto do Oeste";9;26;1;14;1;3;-;-;57;21;13;1;-;6;-;2;4;7;26;191
"110145 Parecis";-;1;1;-;-;-;-;-;3;1;1;-;-;-;-;1;-;1;4;13
"110018 Pimenta Bueno";11;16;1;6;2;7;-;-;46;23;8;-;1;8;1;4;5;12;28;179
"110146 Pimenteiras do Oeste";-;1;-;-;-;-;-;-;2;1;2;-;-;-;-;-;-;-;2;8
"110020 Porto Velho";134;335;11;113;9;41;-;-;427;232;86;2;17;62;7;57;39;103;443;2118
"110025 Presidente Médici";5;18;3;11;-;3;-;-;31;10;3;-;-;7;-;3;2;9;6;111
"110147 Primavera de Rondônia";-;3;-;-;-;-;-;-;7;2;-;-;-;1;-;-;-;-;3;16
"110026 Rio Crespo";-;-;1;4;-;-;-;-;5;-;1;-;-;-;-;-;-;1;5;17
"110028 Rolim de Moura";3;32;1;11;-;3;-;-;85;34;9;1;-;5;-;4;4;21;42;255
"110029 Santa Luzia D'Oeste";-;6;-;4;-;-;-;-;11;2;2;-;-;1;-;-;1;9;15;51
"110148 São Felipe D'Oeste";3;4;-;1;-;-;-;-;5;3;1;-;-;1;-;-;1;-;1;20
"110149 São Francisco do Guaporé";-;7;1;1;-;-;-;-;5;6;-;-;-;2;1;1;-;2;13;39
"110032 São Miguel do Guaporé";2;12;1;5;1;-;-;-;28;7;4;-;-;2;-;1;1;9;24;97
"110150 Seringueiras";2;5;1;2;-;-;-;-;12;5;1;-;-;1;-;-;1;5;11;46
"110155 Teixeirópolis";1;4;-;3;-;1;-;-;4;1;1;-;-;-;-;-;-;1;4;20
"110160 Theobroma";1;10;-;4;2;-;-;-;7;1;3;1;-;1;-;-;-;4;8;42
"110170 Urupá";3;7;-;6;-;-;-;-;13;5;2;1;-;1;-;1;1;-;6;46
"110175 Vale do Anari";1;3;-;4;-;1;-;-;7;6;2;-;-;1;-;-;-;5;5;35
"110180 Vale do Paraíso";-;3;1;3;-;-;-;-;15;-;1;-;-;3;-;-;-;5;5;36
"110030 Vilhena";20;58;6;19;7;17;-;-;102;41;18;3;2;7;4;9;7;20;66;406
"110000 Município ignorado - RO";-;1;-;-;-;-;-;-;4;-;-;-;-;-;-;-;-;2;8;15
"120001 Acrelândia";-;4;1;2;-;-;-;-;13;6;-;-;2;2;-;2;-;3;6;41
"120005 Assis Brasil";-;4;-;2;-;-;-;-;7;2;4;-;-;2;-;-;-;5;4;30
"120010 Brasiléia";1;8;-;13;-;3;-;1;14;8;2;-;-;2;-;9;3;12;21;97
"120013 Bujari";3;8;-;4;-;-;-;-;11;4;-;1;-;-;-;-;1;2;9;43
"120017 Capixaba";1;4;-;-;-;1;-;-;6;6;1;-;-;-;-;-;1;3;8;31
"120020 Cruzeiro do Sul";13;39;4;18;2;8;-;1;86;27;20;-;-;11;2;19;10;13;41;314
"120025 Epitaciolândia";2;9;5;-;-;2;-;-;8;8;2;-;1;3;-;3;-;8;8;59
"120030 Feijó";6;11;2;5;2;2;-;-;26;24;5;-;1;4;1;9;5;23;19;145
"120032 Jordão";-;-;-;1;-;-;-;-;4;-;1;-;-;-;-;3;-;1;5;15
"120033 Mâncio Lima";1;9;-;4;1;2;-;-;10;6;1;-;-;1;-;-;1;6;14;56
"120034 Manoel Urbano";-;3;-;-;-;-;-;-;7;3;2;-;-;-;-;4;-;3;11;33
"120035 Marechal Thaumaturgo";1;6;-;1;-;-;-;-;7;2;3;-;-;-;-;-;2;5;2;29
"120038 Plácido de Castro";2;8;-;4;2;-;-;-;11;8;2;1;-;2;1;4;1;10;12;68
"120080 Porto Acre";1;9;-;8;1;2;-;-;13;5;1;-;-;2;-;2;-;12;13;69
"120039 Porto Walter";2;5;-;1;-;-;-;-;3;5;2;-;-;1;-;3;-;1;2;25
"120040 Rio Branco";87;281;12;111;9;28;-;-;344;231;74;3;5;48;4;58;19;110;265;1689
"120042 Rodrigues Alves";2;6;-;-;-;1;-;-;11;1;4;-;-;-;-;1;-;4;2;32
"120043 Santa Rosa do Purus";5;1;-;4;-;1;-;-;1;4;1;-;-;1;-;1;1;6;-;26
"120050 Sena Madureira";13;14;1;14;-;6;-;-;50;25;13;-;-;3;-;10;3;8;32;192
"120045 Senador Guiomard";7;7;-;8;-;2;-;-;25;11;3;-;-;4;-;4;1;6;16;94
"120060 Tarauacá";9;23;1;9;1;5;-;-;29;20;2;-;-;2;2;16;1;18;18;156
"120070 Xapuri";2;11;2;5;2;1;-;-;12;9;3;-;1;3;-;2;2;4;10;69
"120000 Município ignorado - AC";-;-;-;-;-;-;-;-;-;-;-;-;-;-;-;-;-;1;4;5
"130002 Alvarães";1;3;1;1;-;-;-;-;5;1;3;1;-;-;1;4;1;8;5;35
"130006 Amaturá";2;1;-;1;-;2;-;-;5;4;1;-;-;-;-;4;2;1;5;28
"130008 Anamã";1;4;-;2;-;-;-;-;6;2;1;-;-;-;-;2;1;10;1;30
"130010 Anori";3;7;1;1;1;2;-;-;7;1;6;-;-;-;-;4;1;10;5;49
"130014 Apuí";2;8;-;2;-;-;-;-;13;4;3;-;-;1;-;4;-;1;16;54
"130020 Atalaia do Norte";5;7;1;2;-;1;-;1;5;7;-;-;-;-;-;3;2;4;8;46
"130030 Autazes";6;10;-;6;1;1;1;-;10;10;3;-;-;1;-;1;1;54;12;117
"130040 Barcelos";5;1;-;2;-;3;-;-;6;4;-;-;1;1;1;5;1;22;28;80
"130050 Barreirinha";10;7;3;10;2;2;-;-;26;9;7;1;-;1;2;8;1;12;14;115
"130060 Benjamin Constant";14;11;1;10;2;1;-;-;24;8;5;-;1;3;-;14;1;10;23;128
"130063 Beruri";5;4;-;4;-;-;-;-;5;3;1;-;-;-;1;-;-;12;1;36
"130068 Boa Vista do Ramos";2;2;-;-;-;-;-;-;7;1;1;-;1;1;-;2;-;7;5;29
"130070 Boca do Acre";6;6;1;6;2;-;-;-;24;14;2;-;-;2;-;4;3;30;14;114
"130080 Borba";5;17;-;5;-;-;-;-;27;11;2;-;-;1;-;8;2;18;3;99
"130083 Caapiranga";-;5;-;1;-;-;-;-;8;2;-;-;-;-;1;2;-;3;4;26
"130090 Canutama";2;9;-;2;-;-;-;-;11;5;4;-;-;1;-;1;-;1;2;38
"130100 Carauari";3;3;2;4;1;1;-;-;10;9;5;-;-;1;1;4;-;48;14;106
"130110 Careiro";4;11;1;4;-;2;-;-;13;-;5;-;-;2;-;1;-;31;27;101
"130115 Careiro da Várzea";1;10;-;2;-;-;-;-;14;-;1;-;-;-;-;-;2;10;10;50
"130120 Coari";21;39;2;15;1;2;-;-;49;26;11;-;-;6;-;13;9;5;50;249
"130130 Codajás";2;4;-;3;3;2;-;-;8;3;-;-;-;2;-;1;-;4;16;48
"130140 Eirunepé";18;10;-;8;-;2;-;-;23;17;8;-;-;2;3;7;3;10;32;143
"130150 Envira";1;9;1;2;2;1;-;-;10;5;-;-;-;2;1;5;1;3;4;47
"130160 Fonte Boa";3;9;1;5;-;-;-;-;8;5;5;-;-;1;-;7;1;1;9;55
"130165 Guajará";1;4;-;1;1;-;-;-;7;4;1;-;-;3;-;2;-;8;3;35
"130170 Humaitá";7;17;1;5;2;3;-;-;28;10;5;1;-;5;-;5;5;18;33;145
"130180 Ipixuna";3;2;2;1;-;-;-;-;4;4;3;1;-;-;-;5;2;27;-;54
"130185 Iranduba";10;23;-;13;-;1;-;-;31;9;12;-;-;-;1;3;4;24;34;165
"130190 Itacoatiara";14;50;4;29;5;9;-;-;73;26;8;2;-;8;-;11;8;72;69;388
"130195 Itamarati";4;-;-;-;-;-;-;-;1;-;1;-;-;-;-;-;-;2;-;8
"130200 Itapiranga";2;5;-;1;1;2;-;-;8;3;3;-;-;-;-;-;-;3;9;37
"130210 Japurá";-;1;-;1;-;-;-;-;1;2;-;-;-;-;-;-;3;5;2;15
"130220 Juruá";1;-;-;2;-;-;-;-;4;1;3;-;-;1;-;1;-;-;-;13
"130230 Jutaí";4;4;-;-;-;1;-;-;8;5;-;-;1;1;-;5;-;16;9;54
"130240 Lábrea";5;16;1;4;1;-;-;-;38;16;9;-;-;2;-;9;2;22;19;144
"130250 Manacapuru";33;63;4;34;6;7;-;-;65;45;17;1;-;9;-;9;5;12;59;369
"130255 Manaquiri";-;14;1;7;-;1;-;-;13;-;1;-;-;-;1;1;-;2;9;50
"130260 Manaus";561;1704;42;554;27;157;-;1;1604;727;375;4;44;167;28;276;230;1200;1657;9358
"130270 Manicoré";6;22;-;13;3;1;-;-;43;11;8;-;-;-;-;10;1;6;33;157
"130280 Maraã";1;3;-;2;-;-;-;-;8;2;-;-;-;2;-;4;2;3;2;29
"130290 Maués";10;12;2;11;-;1;-;-;19;21;7;1;-;1;-;9;4;81;20;199
"130300 Nhamundá";4;3;-;2;-;-;-;-;16;4;2;-;-;2;-;1;3;16;2;55
"130310 Nova Olinda do Norte";5;8;3;10;1;3;-;-;31;7;6;-;-;1;-;7;1;5;15;103
"130320 Novo Airão";2;4;-;3;-;-;-;-;4;6;1;-;-;-;-;-;-;16;8;44
"130330 Novo Aripuanã";3;8;1;4;1;1;-;-;8;4;3;-;-;-;-;3;1;11;6;54
"130340 Parintins";16;59;3;57;1;6;-;-;112;30;21;-;-;7;1;33;10;1;51;408
"130350 Pauini";1;8;1;1;2;-;-;-;9;5;-;-;-;-;-;4;1;3;2;37
"130353 Presidente Figueiredo";4;15;-;8;-;-;-;-;19;4;1;1;1;2;1;2;4;3;15;80
"130356 Rio Preto da Eva";1;9;-;4;-;-;-;-;13;1;3;-;1;1;-;2;-;8;12;55
"130360 Santa Isabel do Rio Negro";4;3;-;2;-;-;-;-;8;7;1;1;-;-;1;4;1;16;9;57
"130370 Santo Antônio do Içá";4;4;-;8;-;1;-;-;8;10;1;-;-;2;1;5;-;3;14;61
"130380 São Gabriel da Cachoeira";34;15;5;15;1;8;-;-;22;18;7;-;1;4;3;17;2;56;39;247
"130390 São Paulo de Olivença";13;8;-;17;-;1;-;-;10;20;5;-;-;1;1;15;2;3;14;110
"130395 São Sebastião do Uatumã";-;1;-;4;-;-;-;-;5;2;-;-;-;-;-;1;-;2;1;16
"130400 Silves";-;2;-;1;-;-;-;-;5;1;3;-;-;-;-;3;3;1;6;25
"130406 Tabatinga";36;16;3;13;-;3;-;-;48;44;9;2;-;6;1;15;5;6;59;266
"130410 Tapauá";4;8;1;-;-;1;-;-;14;3;2;-;-;-;-;3;1;13;11;61
"130420 Tefé";10;24;2;17;-;3;-;-;49;21;12;-;-;-;-;22;5;9;33;207
"130423 Tonantins";2;2;-;3;-;1;-;-;5;2;2;1;1;1;-;3;1;5;1;30
"130426 Uarini";-;-;-;2;1;-;-;-;6;3;2;-;-;-;1;3;-;1;9;28
"130430 Urucará";3;9;3;7;-;-;-;-;12;9;2;-;-;-;-;5;1;12;8;71
"130440 Urucurituba";5;6;-;6;-;1;-;-;13;2;2;-;-;-;-;3;-;11;10;59
"130000 Município ignorado - AM";-;1;-;1;-;-;-;-;-;2;-;-;-;-;-;-;-;3;5;12
"140005 Alto Alegre";16;5;-;6;1;3;-;-;14;19;2;-;1;-;1;9;1;8;43;129
"140002 Amajari";7;5;1;6;-;1;-;-;3;5;2;1;-;1;1;6;2;5;20;66
"140010 Boa Vista";57;172;8;100;1;18;-;-;267;104;56;8;4;27;1;41;20;49;301;1234
"140015 Bonfim";3;2;-;6;-;1;-;-;9;6;2;1;-;1;-;2;-;5;9;47
"140017 Cantá";3;4;-;2;-;-;-;-;5;1;4;-;-;-;-;3;1;4;13;40
"140020 Caracaraí";4;10;1;7;-;-;-;-;5;7;4;1;1;-;1;3;-;10;32;86
"140023 Caroebe";2;2;-;-;-;-;-;-;14;2;1;-;-;4;-;1;1;1;5;33
"140028 Iracema";2;2;-;4;-;-;-;-;6;4;-;-;-;1;-;-;1;2;10;32
"140030 Mucajaí";9;11;1;1;-;1;-;-;17;6;2;-;-;-;-;1;-;10;21;80
"140040 Normandia";2;2;-;2;-;-;-;-;4;4;-;-;-;-;-;1;-;2;2;19
"140045 Pacaraima";2;3;-;2;-;-;-;-;3;6;2;-;-;1;-;2;3;1;8;33
"140047 Rorainópolis";2;8;1;5;-;1;-;-;17;7;-;-;-;-;-;1;1;6;25;74
"140050 São João da Baliza";1;1;-;3;-;-;-;-;5;2;-;-;-;-;-;3;-;-;9;24
"140060 São Luiz";1;4;-;4;-;-;-;-;2;3;-;-;1;-;-;-;-;2;4;21
"140070 Uiramutã";2;6;-;1;-;2;-;-;3;4;1;-;-;1;1;-;2;-;4;27
"140000 Município ignorado - RR";-;-;-;-;-;-;-;-;2;-;-;-;-;-;-;-;-;-;-;2
"150010 Abaetetuba";39;74;2;42;4;7;-;-;171;86;29;-;2;11;1;21;9;14;96;608
"150013 Abel Figueiredo";1;5;-;1;-;-;-;-;14;1;-;-;-;-;-;2;1;3;6;34
"150020 Acará";11;29;3;10;-;2;-;-;52;17;8;-;-;2;1;5;3;9;44;196
"150030 Afuá";5;12;-;2;-;1;-;-;8;6;1;-;-;-;1;8;1;10;9;64
"150034 Água Azul do Norte";3;2;-;-;-;1;-;-;17;3;1;-;-;1;-;4;1;11;11;55
"150040 Alenquer";11;23;1;21;-;4;-;-;88;21;14;1;1;3;-;19;4;13;24;248
"150050 Almeirim";3;12;-;8;-;1;-;-;27;7;4;-;-;3;-;11;1;-;24;101
"150060 Altamira";17;71;8;49;9;12;-;-;161;71;29;2;1;7;1;25;10;22;200;695
"150070 Anajás";1;10;2;6;-;1;-;-;14;4;2;-;-;1;-;6;-;9;10;66
"150080 Ananindeua";161;329;12;136;8;35;-;1;464;288;110;10;7;50;6;78;26;90;491;2302
"150085 Anapu";6;14;-;6;-;1;-;-;17;6;2;-;-;3;2;4;2;15;30;108
"150090 Augusto Corrêa";7;24;1;10;-;1;-;-;64;25;7;2;-;-;-;9;3;7;18;178
"150095 Aurora do Pará";5;3;1;7;-;2;-;-;11;2;5;-;-;-;1;2;2;17;15;73
"150100 Aveiro";1;3;-;-;-;-;-;-;9;4;1;-;-;-;-;1;2;11;5;37
"150110 Bagre";1;2;-;1;-;1;-;-;5;3;-;-;-;-;1;5;2;4;4;29
"150120 Baião";1;10;-;11;-;1;-;-;23;6;1;-;-;3;-;6;-;6;16;84
"150125 Bannach";1;3;-;2;-;-;-;-;3;3;2;-;-;-;-;1;-;2;5;22
"150130 Barcarena";17;39;5;26;1;4;-;-;66;26;10;-;2;6;-;16;3;42;86;349
"150140 Belém";592;1367;53;510;30;173;-;1;2062;1216;504;41;29;167;26;254;69;272;1248;8614
"150145 Belterra";-;9;1;5;-;2;-;-;12;11;-;-;-;2;2;2;-;4;5;55
"150150 Benevides";16;38;-;29;-;7;-;-;60;31;15;-;1;4;1;11;2;15;58;288
"150157 Bom Jesus do Tocantins";-;4;-;2;-;-;-;-;22;4;-;-;-;2;-;-;1;3;13;51
"150160 Bonito";2;2;-;8;1;-;-;-;-;4;1;1;-;1;-;-;-;4;15;39
"150170 Bragança";37;51;3;27;1;3;-;-;90;53;24;3;-;8;2;24;4;185;71;586
"150172 Brasil Novo";1;11;2;6;1;-;-;-;25;3;5;-;1;1;-;3;1;6;12;78
"150175 Brejo Grande do Araguaia";1;2;-;3;-;-;-;-;7;3;1;-;-;-;-;-;-;4;3;24
"150178 Breu Branco";8;18;-;13;-;4;-;-;52;13;10;-;-;-;-;10;3;10;46;187
"150180 Breves";16;33;2;12;1;5;-;-;52;30;7;1;1;3;5;19;10;71;33;301
"150190 Bujaru";5;7;-;6;-;1;-;-;13;8;7;-;-;-;1;3;2;12;19;84
"150200 Cachoeira do Arari";6;2;1;2;1;-;-;-;18;10;3;-;-;2;-;6;-;4;4;59
"150195 Cachoeira do Piriá";2;4;-;7;-;-;-;-;16;2;3;-;-;-;2;4;4;1;12;57
"150210 Cametá";26;38;5;39;1;5;-;-;136;45;23;1;-;7;1;28;5;4;42;406
"150215 Canaã dos Carajás";3;5;-;8;1;1;-;-;32;12;5;1;-;7;-;10;4;7;48;144
"150220 Capanema";14;40;4;31;2;10;-;-;79;40;18;-;-;4;-;7;2;54;49;354
"150230 Capitão Poço";11;22;-;22;-;3;-;-;46;12;13;-;-;3;2;8;1;16;33;192
"150240 Castanhal";39;91;2;65;3;11;-;-;232;96;48;1;2;11;3;27;20;82;165;898
"150250 Chaves";-;1;-;4;-;-;-;-;7;-;-;-;-;-;-;4;-;5;13;34
"150260 Colares";2;10;-;1;-;-;-;-;14;10;5;-;-;-;-;-;-;1;4;47
"150270 Conceição do Araguaia";7;16;1;26;1;6;-;-;62;25;12;1;2;3;-;3;4;18;37;224
"150275 Concórdia do Pará";7;16;-;10;1;1;-;-;18;4;6;-;-;1;2;2;2;10;28;108
"150276 Cumaru do Norte";6;3;-;-;1;-;-;-;5;2;2;-;-;-;-;2;1;6;4;32
"150277 Curionópolis";6;9;-;15;-;-;-;-;17;6;4;-;-;-;-;4;-;18;30;109
"150280 Curralinho";3;9;-;7;-;-;-;-;15;7;3;-;-;1;1;6;1;10;4;67
"150285 Curuá";-;3;-;4;-;-;-;-;10;2;2;-;-;-;1;3;-;8;3;36
"150290 Curuçá";9;19;1;10;-;2;-;-;31;11;4;-;-;1;2;3;1;28;13;135
"150293 Dom Eliseu";11;20;1;6;-;2;-;-;30;11;9;-;-;1;-;6;1;15;48;161
"150295 Eldorado do Carajás";1;5;3;13;-;-;-;-;22;8;7;-;-;3;-;6;-;39;45;152
"150300 Faro";1;1;-;-;-;-;-;-;12;5;1;-;-;-;-;-;-;3;1;24
"150304 Floresta do Araguaia";4;4;-;2;-;-;-;-;21;4;1;-;1;-;-;2;-;12;15;66
"150307 Garrafão do Norte";4;18;2;5;1;-;-;-;33;1;6;-;-;2;-;2;3;11;19;107
"150309 Goianésia do Pará";4;11;1;14;1;2;-;-;29;7;7;1;1;-;1;2;5;10;58;154
"150310 Gurupá";2;7;1;6;1;-;-;-;2;5;1;-;-;2;-;4;2;13;5;51
"150320 Igarapé-Açu";10;20;1;15;4;3;-;-;60;22;14;1;1;2;1;7;1;1;23;186
"150330 Igarapé-Miri";12;14;1;7;-;-;-;-;33;22;6;-;-;3;1;17;3;67;60;246
"150340 Inhangapi";4;6;-;4;-;-;-;-;16;2;2;-;-;1;-;3;1;3;6;48
"150345 Ipixuna do Pará";3;14;1;5;-;1;-;-;29;16;1;-;-;-;1;5;2;4;39;121
"150350 Irituia";5;26;-;8;-;-;-;1;44;8;8;-;-;2;-;2;1;6;15;126
"150360 Itaituba";27;41;1;48;7;4;-;-;143;34;28;-;-;6;4;10;4;8;98;463
"150370 Itupiranga";11;15;2;19;2;3;-;-;55;8;4;-;-;6;-;4;6;20;68;223
"150375 Jacareacanga";5;1;-;4;-;-;-;-;6;5;1;-;-;-;1;11;-;12;9;55
"150380 Jacundá";6;16;-;14;1;2;-;-;62;13;18;2;-;6;3;4;-;19;51;217
"150390 Juruti";3;10;3;7;1;1;-;-;18;9;5;-;1;4;-;13;2;8;9;94
"150400 Limoeiro do Ajuru";2;9;-;3;-;2;-;-;24;9;3;1;-;1;-;12;3;3;4;76
"150405 Mãe do Rio";1;20;3;17;-;1;-;-;41;10;12;1;1;1;1;5;4;17;23;158
"150410 Magalhães Barata";2;4;-;8;-;-;-;-;10;6;-;-;-;4;-;-;-;1;6;41
"150420 Marabá";61;99;10;101;6;10;-;-;204;76;46;9;1;14;7;36;24;105;336;1145
"150430 Maracanã";6;14;1;4;2;2;-;-;23;8;5;-;-;-;-;7;1;18;17;108
"150440 Marapanim";2;14;1;12;-;2;-;-;21;13;9;2;-;-;2;3;5;31;7;124
"150442 Marituba";39;52;2;34;1;5;-;-;122;64;24;5;1;14;1;16;3;19;134;536
"150445 Medicilândia";5;13;-;6;2;-;-;-;22;4;5;-;1;1;-;3;-;7;18;87
"150450 Melgaço";2;5;-;1;-;1;-;-;9;2;2;-;-;-;1;3;1;11;4;42
"150460 Mocajuba";6;10;-;3;-;-;-;-;18;4;-;-;-;1;-;12;-;28;5;87
"150470 Moju";14;21;4;15;-;4;-;-;35;16;9;1;-;3;-;12;6;5;86;231
"150480 Monte Alegre";17;28;2;15;7;4;-;-;60;26;8;1;-;7;-;9;3;41;20;248
"150490 Muaná";4;16;-;6;2;2;-;-;33;13;6;-;1;2;-;11;4;10;8;118
"150495 Nova Esperança do Piriá";2;6;-;3;-;1;-;-;13;5;1;-;-;-;2;4;-;13;19;69
"150497 Nova Ipixuna";1;9;1;2;-;1;-;-;13;1;4;-;1;1;-;-;3;10;10;57
"150500 Nova Timboteua";2;8;1;4;-;-;-;-;17;4;2;-;-;-;-;1;-;11;9;59
"150503 Novo Progresso";4;8;-;5;-;2;-;-;24;3;2;-;-;3;-;5;1;33;70;160
"150506 Novo Repartimento";9;22;-;4;-;1;-;-;50;7;8;-;-;3;-;7;6;10;62;189
"150510 Óbidos";11;16;2;13;8;2;-;-;55;19;9;-;-;2;-;14;2;30;32;215
"150520 Oeiras do Pará";9;9;4;6;-;-;-;-;16;7;2;1;1;-;2;8;1;3;17;86
"150530 Oriximiná";14;34;-;8;1;3;-;-;52;22;2;-;-;3;2;21;4;47;29;242
"150540 Ourém";1;4;-;1;-;1;-;-;15;7;3;-;-;1;-;2;1;5;7;48
"150543 Ourilândia do Norte";6;9;4;10;-;2;-;-;23;13;3;-;-;1;-;10;1;16;40;138
"150548 Pacajá";5;17;1;11;-;2;-;-;27;9;5;-;-;1;2;6;1;3;47;137
"150549 Palestina do Pará";-;-;-;1;-;-;-;-;6;2;-;-;-;1;-;-;2;1;3;16
"150550 Paragominas";23;44;1;32;2;5;-;-;85;31;10;-;-;4;-;19;8;11;119;394
"150553 Parauapebas";39;71;1;32;5;7;-;-;146;54;22;1;2;8;2;42;13;26;247;718
"150555 Pau D'Arco";-;3;2;2;-;1;-;-;10;4;-;-;-;1;-;2;-;3;7;35
"150560 Peixe-Boi";2;4;1;1;-;-;-;-;20;5;1;-;-;1;-;2;2;-;4;43
"150563 Piçarra";2;5;-;3;-;-;-;-;13;1;1;-;-;-;-;-;1;3;16;45
"150565 Placas";-;7;-;5;-;-;-;-;12;2;3;-;-;3;-;2;1;9;10;54
"150570 Ponta de Pedras";3;6;-;2;-;1;-;-;15;7;5;-;-;4;-;3;1;10;4;61
"150580 Portel";5;7;-;5;-;1;-;-;23;7;6;-;-;3;-;17;5;34;25;138
"150590 Porto de Moz";2;14;1;7;-;2;-;-;18;12;1;-;-;4;-;8;3;9;13;94
"150600 Prainha";5;6;2;5;-;-;1;-;28;8;1;-;-;3;-;4;3;8;11;85
"150610 Primavera";2;5;1;2;-;4;-;-;15;6;1;-;1;-;-;-;-;8;5;50
"150611 Quatipuru";4;4;-;4;-;1;-;-;14;4;2;-;-;-;1;1;-;9;4;48
"150613 Redenção";32;36;3;28;1;2;-;-;75;34;14;-;-;5;-;18;1;56;84;389
"150616 Rio Maria";4;7;1;7;2;1;-;-;23;11;2;-;-;-;1;3;2;12;13;89
"150618 Rondon do Pará";9;30;1;29;-;1;-;-;54;13;6;-;-;6;-;8;4;2;54;217
"150619 Rurópolis";4;4;2;2;-;1;-;-;19;3;4;-;-;1;-;3;1;7;14;65
"150620 Salinópolis";9;20;-;14;1;-;-;-;39;17;6;1;-;5;-;6;3;19;26;166
"150630 Salvaterra";4;3;5;6;2;-;-;-;44;9;4;-;-;1;-;9;2;6;14;109
"150635 Santa Bárbara do Pará";6;10;-;4;1;1;-;-;20;6;3;1;-;3;-;-;2;19;11;87
"150640 Santa Cruz do Arari";2;4;-;-;-;-;-;-;-;1;-;-;-;-;-;-;-;15;6;28
"150650 Santa Izabel do Pará";13;38;2;21;9;8;-;-;49;21;17;-;-;4;1;12;5;8;56;264
"150655 Santa Luzia do Pará";3;11;-;13;-;1;-;-;18;5;7;1;-;1;1;4;-;10;11;86
"150658 Santa Maria das Barreiras";1;2;2;2;-;-;-;-;12;4;2;-;-;-;-;2;-;16;16;59
"150660 Santa Maria do Pará";5;10;-;9;-;1;-;-;19;4;1;-;-;1;-;3;1;45;25;124
"150670 Santana do Araguaia";13;10;-;16;-;-;-;-;34;11;7;-;-;1;-;8;-;16;43;159
"150680 Santarém";64;178;7;135;-;34;-;-;314;133;61;3;2;41;7;57;24;210;148;1418
"150690 Santarém Novo";2;1;-;5;-;-;-;-;3;2;3;-;-;-;-;1;-;2;2;21
"150700 Santo Antônio do Tauá";5;13;-;8;-;-;-;-;22;14;6;-;-;3;-;8;2;23;21;125
"150710 São Caetano de Odivelas";3;8;-;3;-;1;-;-;12;6;3;-;-;1;-;2;3;15;5;62
"150715 São Domingos do Araguaia";3;10;-;6;-;-;-;-;17;3;6;-;-;1;-;-;-;28;24;98
"150720 São Domingos do Capim";1;14;3;5;-;3;-;-;24;14;6;-;-;1;-;6;1;15;16;109
"150730 São Félix do Xingu";18;13;1;12;-;1;-;-;42;13;11;-;-;2;2;3;2;49;66;235
"150740 São Francisco do Pará";2;7;-;9;2;-;-;-;23;13;7;-;1;-;-;3;-;5;17;89
"150745 São Geraldo do Araguaia";3;9;-;11;-;2;-;-;34;8;7;-;-;-;-;4;2;2;33;115
"150746 São João da Ponta";2;4;-;1;-;-;-;-;5;2;1;-;-;-;-;1;-;9;2;27
"150747 São João de Pirabas";3;8;1;12;-;3;-;-;22;5;3;-;-;1;-;2;1;16;19;96
"150750 São João do Araguaia";2;3;-;5;-;-;-;-;12;3;5;-;-;-;1;1;-;14;10;56
"150760 São Miguel do Guamá";9;20;7;15;-;4;-;-;63;25;7;1;2;4;1;14;2;47;29;250
"150770 São Sebastião da Boa Vista";6;5;1;1;-;-;-;-;12;7;3;1;-;1;-;1;-;2;2;42
"150775 Sapucaia";2;-;-;1;-;-;-;-;3;1;-;-;-;-;-;1;1;1;3;13
"150780 Senador José Porfírio";1;1;1;1;-;-;-;-;8;5;1;-;-;1;-;3;1;10;7;40
"150790 Soure";4;9;-;6;2;2;-;-;32;8;-;-;-;-;1;7;-;3;8;82
"150795 Tailândia";22;17;1;14;1;1;-;-;49;15;7;-;3;4;2;16;2;33;89;276
"150796 Terra Alta";2;7;-;4;-;-;-;-;12;7;2;-;-;3;1;1;-;4;11;54
"150797 Terra Santa";1;7;1;3;-;-;-;-;16;3;1;-;-;-;-;2;-;11;5;50
"150800 Tomé-Açu";17;21;1;15;1;1;-;-;47;27;9;-;-;4;-;14;1;39;58;255
"150803 Tracuateua";6;12;-;8;-;1;-;-;21;10;3;1;-;4;-;3;1;22;15;107
"150805 Trairão";2;2;3;-;-;1;-;-;10;3;1;-;-;2;-;2;3;14;5;48
"150808 Tucumã";5;11;-;5;-;1;-;-;32;9;2;-;1;1;-;8;3;26;39;143
"150810 Tucuruí";24;48;2;29;-;6;-;-;102;34;20;2;2;3;1;13;9;15;93;403
"150812 Ulianópolis";1;11;-;2;-;1;-;-;15;4;4;-;-;-;-;5;1;1;19;64
"150815 Uruará";5;14;3;11;1;-;-;-;43;9;7;-;-;2;-;7;6;4;49;161
"150820 Vigia";10;11;2;19;-;-;-;-;33;19;12;-;-;4;1;5;3;94;41;254
"150830 Viseu";11;19;1;15;1;3;-;-;38;15;8;-;-;4;-;11;2;23;16;167
"150835 Vitória do Xingu";5;8;2;2;-;1;-;-;13;1;-;-;-;-;-;2;-;8;11;53
"150840 Xinguara";6;20;3;15;1;3;-;-;64;12;8;-;-;-;-;3;3;12;55;205
"150000 Município ignorado - PA";1;-;1;-;-;-;-;-;-;2;1;-;-;-;-;1;1;6;43;56
"160010 Amapá";-;3;1;1;-;-;-;-;2;2;2;-;-;-;1;3;-;7;5;27
"160020 Calçoene";1;-;-;-;-;-;-;-;2;2;1;-;-;-;-;6;-;7;13;32
"160021 Cutias";-;3;-;-;-;-;-;-;2;-;1;-;-;-;1;-;-;-;4;11
"160023 Ferreira Gomes";1;1;-;1;1;-;-;-;2;2;-;-;-;-;-;1;1;2;7;19
"160025 Itaubal";-;-;-;1;-;-;-;-;-;1;-;-;-;-;-;2;-;-;2;6
"160027 Laranjal do Jari";15;7;1;6;-;2;-;-;16;7;3;-;-;1;-;7;1;8;15;89
"160030 Macapá";96;268;9;107;5;37;-;-;304;175;80;6;5;41;8;153;32;133;343;1802
"160040 Mazagão";1;3;-;-;-;1;-;-;16;4;2;-;-;-;-;1;-;6;14;48
"160050 Oiapoque";5;7;-;4;-;1;-;1;10;4;2;-;-;1;1;10;1;19;10;76
"160015 Pedra Branca do Amapari";-;2;-;1;-;1;-;-;4;4;1;-;-;1;-;3;3;2;6;28
"160053 Porto Grande";1;2;-;2;-;2;-;-;8;4;1;-;-;-;-;4;1;9;21;55
"160055 Pracuúba";-;-;-;1;-;-;-;-;1;2;-;-;-;-;-;-;-;2;1;7
"160060 Santana";18;51;2;18;1;10;-;-;81;44;20;-;2;12;2;23;8;50;90;432
"160005 Serra do Navio";-;-;-;1;-;-;-;-;2;1;-;-;-;-;-;2;-;-;3;9
"160070 Tartarugalzinho";2;1;-;-;-;1;-;-;4;1;-;1;-;-;1;1;-;3;6;21
"160080 Vitória do Jari";2;2;-;3;-;-;-;-;4;-;1;-;-;-;-;1;-;-;5;18
"170025 Abreulândia";1;-;-;-;-;-;-;-;4;1;1;-;-;-;-;-;-;1;-;8
"170030 Aguiarnópolis";1;4;-;3;-;1;-;-;10;3;2;-;-;1;1;1;-;-;3;30
"170035 Aliança do Tocantins";2;5;-;4;1;1;-;-;9;3;-;-;-;1;-;-;-;2;8;36
"170040 Almas";3;1;-;2;1;1;-;-;17;1;3;-;-;-;-;1;1;3;9;43
"170070 Alvorada";1;3;-;2;1;2;-;-;8;6;1;-;-;-;-;2;-;4;5;35
"170100 Ananás";1;8;-;2;1;3;-;-;13;7;4;-;-;-;1;1;3;1;5;50
"170105 Angico";1;2;-;5;-;1;-;-;5;1;-;-;-;-;-;-;-;-;3;18
"170110 Aparecida do Rio Negro";-;3;-;1;-;-;-;-;8;3;-;-;-;-;-;-;1;-;4;20
"170130 Aragominas";1;8;-;1;1;-;-;-;7;1;2;-;-;-;-;-;-;1;6;28
"170190 Araguacema";-;3;-;2;-;-;-;-;12;1;1;-;-;1;-;-;-;2;4;26
"170200 Araguaçu";1;5;-;6;-;1;-;-;15;4;1;1;-;1;-;-;2;1;8;46
"170210 Araguaína";31;97;1;54;6;17;-;-;243;67;53;5;5;9;1;19;17;28;165;818
"170215 Araguanã";1;5;-;1;-;-;-;-;6;3;1;-;1;1;-;-;2;-;5;26
"170220 Araguatins";8;20;1;14;5;2;-;-;44;15;5;-;1;3;-;6;2;6;27;159
"170230 Arapoema";1;4;-;1;1;-;-;-;14;4;1;-;-;-;-;1;-;2;5;34
"170240 Arraias";2;6;-;3;1;-;-;-;16;8;4;-;1;1;1;2;-;3;8;56
"170255 Augustinópolis";2;4;2;10;3;1;-;-;41;8;5;-;-;1;-;2;-;1;13;93
"170270 Aurora do Tocantins";-;1;-;3;-;-;-;-;5;2;1;-;-;1;-;2;-;-;4;19
"170290 Axixá do Tocantins";2;12;-;5;-;2;-;-;33;8;4;1;-;1;-;-;1;3;12;84
"170300 Babaçulândia";1;9;1;7;-;-;-;-;19;3;2;-;-;-;-;2;-;-;9;53
"170305 Bandeirantes do Tocantins";-;3;-;-;-;1;-;-;5;-;-;-;-;-;-;-;1;1;5;16
"170307 Barra do Ouro";2;1;-;3;-;-;-;-;9;1;-;-;-;1;-;-;-;2;4;23
"170310 Barrolândia";1;6;-;2;1;-;-;-;9;4;-;-;-;-;-;-;-;2;4;29
"170320 Bernardo Sayão";-;2;-;-;-;-;-;-;4;2;1;-;-;-;-;1;1;1;-;12
"170330 Bom Jesus do Tocantins";1;1;-;5;-;-;-;-;10;-;1;-;-;1;1;-;1;-;7;28
"170360 Brasilândia do Tocantins";-;3;-;-;-;-;-;-;3;-;-;-;-;-;-;1;-;1;8;16
"170370 Brejinho de Nazaré";2;5;-;2;1;1;-;-;11;3;2;-;-;3;-;1;-;3;5;39
"170380 Buriti do Tocantins";1;4;-;1;-;-;-;-;15;5;1;-;-;-;-;-;-;1;2;30
"170382 Cachoeirinha";1;1;-;1;-;-;-;-;3;-;-;-;-;-;-;-;-;-;1;7
"170384 Campos Lindos";1;2;-;1;-;-;-;-;11;3;2;-;-;-;-;1;1;-;6;28
"170386 Cariri do Tocantins";1;1;-;1;-;-;-;-;8;-;1;-;-;-;-;-;-;1;9;22
"170388 Carmolândia";3;-;-;1;-;-;-;-;6;3;2;-;-;-;-;-;-;-;6;21
"170389 Carrasco Bonito";-;3;1;1;-;1;-;-;8;1;-;-;-;-;-;-;-;4;2;21
"170390 Caseara";1;3;-;3;2;-;-;-;11;1;-;-;-;1;-;1;-;2;3;28
"170410 Centenário";1;1;1;2;-;-;-;1;5;-;1;-;-;-;-;-;-;1;1;14
"170510 Chapada da Natividade";1;-;-;3;-;1;-;-;4;-;1;-;-;-;-;-;-;1;3;14
"170460 Chapada de Areia";-;2;-;-;-;-;-;-;1;-;-;-;-;-;-;-;-;-;1;4
"170550 Colinas do Tocantins";7;25;2;14;4;3;-;-;36;16;8;-;1;2;1;8;1;-;34;162
"171670 Colméia";3;9;-;2;-;-;-;-;13;5;3;-;-;2;-;-;1;-;5;43
"170555 Combinado";3;5;-;2;3;-;-;-;2;1;3;-;-;1;-;-;-;1;5;26
"170560 Conceição do Tocantins";-;2;-;1;-;-;-;-;12;1;3;-;-;-;-;-;-;1;6;26
"170600 Couto Magalhães";1;1;-;1;-;-;-;-;5;2;2;-;-;1;-;1;-;1;2;17
"170610 Cristalândia";-;2;-;3;1;-;-;-;22;5;-;-;-;2;-;1;1;2;7;46
"170625 Crixás do Tocantins";1;2;-;1;-;-;-;-;1;1;-;-;-;-;-;-;-;-;2;8
"170650 Darcinópolis";1;4;-;3;-;-;-;-;10;1;-;-;-;1;-;2;-;-;5;27
"170700 Dianópolis";9;8;-;4;2;-;-;-;28;4;5;-;-;1;1;3;2;2;19;88
"170710 Divinópolis do Tocantins";1;4;1;1;-;-;1;-;9;2;3;-;-;2;-;-;1;-;12;37
"170720 Dois Irmãos do Tocantins";1;4;1;1;1;-;-;-;13;2;-;-;1;1;-;-;-;-;3;28
"170730 Dueré";1;6;-;2;3;1;-;-;9;1;-;1;-;-;-;-;-;-;3;27
"170740 Esperantina";-;5;1;5;-;1;-;-;11;1;-;-;-;-;1;2;-;2;7;36
"170755 Fátima";-;6;-;-;-;-;-;-;9;1;1;-;-;-;-;-;-;-;6;23
"170765 Figueirópolis";1;2;-;-;-;-;-;-;19;-;-;1;-;-;-;2;1;3;5;34
"170770 Filadélfia";2;6;-;3;2;1;-;-;11;1;-;-;-;-;-;1;1;2;6;36
"170820 Formoso do Araguaia";2;15;-;3;2;1;-;-;28;9;3;-;1;4;-;5;2;5;20;100
"170825 Fortaleza do Tabocão";1;1;-;-;-;1;-;-;1;4;-;-;-;1;-;2;-;-;1;12
"170830 Goianorte";-;5;-;2;-;1;-;-;3;-;-;-;1;1;-;-;-;-;6;19
"170900 Goiatins";1;2;-;3;-;1;-;-;20;5;3;-;-;-;-;2;4;3;7;51
"170930 Guaraí";4;19;1;13;1;1;-;-;39;11;5;-;-;1;-;1;1;2;19;118
"170950 Gurupi";22;57;4;27;8;6;-;-;137;43;17;2;3;15;-;6;3;18;68;436
"170980 Ipueiras";1;1;-;-;-;-;-;-;4;-;-;-;-;-;-;-;-;-;2;8
"171050 Itacajá";4;5;-;3;-;-;-;-;9;6;2;1;-;-;-;1;-;6;4;41
"171070 Itaguatins";1;3;-;1;1;1;-;-;7;2;-;-;-;-;-;1;-;2;5;24
"171090 Itapiratins";-;1;-;-;-;1;-;-;13;2;1;-;-;-;-;1;-;2;2;23
"171110 Itaporã do Tocantins";1;-;-;2;-;-;-;-;5;-;1;-;-;-;-;-;-;-;3;12
"171150 Jaú do Tocantins";1;4;-;-;-;-;-;-;6;1;-;-;-;1;-;-;-;-;4;17
"171180 Juarina";-;2;-;-;-;-;-;-;1;-;2;-;-;-;-;1;1;1;1;9
"171190 Lagoa da Confusão";3;1;-;6;-;-;-;-;6;2;1;-;-;-;-;3;-;-;13;35
"171195 Lagoa do Tocantins";-;2;-;1;-;1;-;-;6;2;2;-;-;-;-;-;-;1;3;18
"171200 Lajeado";-;2;-;1;-;-;-;-;4;1;-;-;-;-;-;2;-;-;2;12
"171215 Lavandeira";1;-;-;-;-;-;-;-;3;-;1;-;-;1;-;-;-;-;1;7
"171240 Lizarda";-;2;-;1;1;-;-;-;5;1;-;-;-;-;-;-;1;-;2;13
"171245 Luzinópolis";-;-;-;1;-;-;-;-;5;-;-;-;-;-;1;1;-;-;3;11
"171250 Marianópolis do Tocantins";1;3;-;1;-;1;-;-;4;4;1;-;-;-;-;1;-;-;3;19
"171270 Mateiros";-;-;-;-;-;-;-;-;2;1;-;-;-;-;-;-;-;-;3;6
"171280 Maurilândia do Tocantins";1;1;-;1;2;-;-;-;3;-;-;-;-;1;-;-;-;1;1;11
"171320 Miracema do Tocantins";1;15;-;6;2;2;-;-;33;10;4;-;1;1;-;1;2;-;15;93
"171330 Miranorte";3;14;-;8;-;1;-;-;23;8;6;-;-;2;-;1;-;1;14;81
"171360 Monte do Carmo";-;2;-;5;-;1;-;-;13;2;2;1;-;1;-;1;-;-;6;34
"171370 Monte Santo do Tocantins";-;-;-;-;-;-;-;-;2;2;1;-;-;1;-;-;-;1;-;7
"171395 Muricilândia";-;3;-;-;-;-;-;-;4;-;2;-;-;-;-;1;-;-;4;14
"171420 Natividade";4;5;-;4;2;3;-;-;9;5;5;-;1;-;-;4;-;-;8;50
"171430 Nazaré";1;3;1;-;-;-;-;-;12;4;-;-;-;-;-;1;-;3;4;29
"171488 Nova Olinda";1;5;-;2;-;-;-;-;23;3;4;-;-;-;-;1;-;-;14;53
"171500 Nova Rosalândia";-;4;-;2;-;1;-;-;10;1;-;-;-;-;-;3;-;-;5;26
"171510 Novo Acordo";-;3;-;-;-;1;-;-;9;4;1;-;-;-;-;1;-;2;2;23
"171515 Novo Alegre";1;2;-;1;1;1;-;-;4;2;1;-;-;-;-;-;-;1;1;15
"171525 Novo Jardim";2;-;-;1;-;-;-;-;3;2;-;-;-;1;-;-;-;2;2;13
"171550 Oliveira de Fátima";-;1;-;-;-;-;-;-;4;2;-;-;-;-;-;-;-;-;-;7
"172100 Palmas";41;142;4;56;9;19;-;-;185;76;41;5;4;22;1;25;15;18;194;857
"171570 Palmeirante";1;4;-;2;-;-;-;-;3;2;3;-;-;-;-;2;1;1;4;23
"171380 Palmeiras do Tocantins";1;5;2;1;-;-;-;-;10;2;-;-;-;-;-;-;-;1;3;25
"171575 Palmeirópolis";1;1;1;2;2;1;-;-;14;2;2;1;1;-;-;1;-;2;5;36
"171610 Paraíso do Tocantins";9;24;1;28;2;8;-;-;61;24;14;-;-;2;-;4;2;11;42;232
"171620 Paranã";1;5;-;-;-;-;-;-;15;1;5;-;1;-;1;1;-;4;12;46
"171630 Pau D'Arco";-;3;-;2;-;1;-;-;7;1;1;-;-;-;-;-;-;1;6;22
"171650 Pedro Afonso";4;7;-;8;2;1;-;-;18;6;4;-;-;1;1;3;1;3;8;67
"171660 Peixe";3;7;-;1;-;3;-;-;18;1;1;-;-;2;1;1;-;1;8;47
"171665 Pequizeiro";2;6;1;1;-;3;-;-;8;4;3;-;-;-;-;-;1;-;4;33
"171700 Pindorama do Tocantins";-;3;-;-;-;1;-;-;4;4;-;-;1;-;-;-;-;-;2;15
"171720 Piraquê";-;1;-;-;-;-;-;-;2;2;-;-;-;-;-;1;-;-;3;9
"171750 Pium";-;5;-;2;1;1;-;-;11;3;1;-;-;-;-;1;-;1;4;30
"171780 Ponte Alta do Bom Jesus";3;3;-;-;-;-;-;-;11;1;1;-;-;1;-;-;1;-;3;24
"171790 Ponte Alta do Tocantins";-;2;-;1;-;-;-;-;14;2;-;-;-;-;-;-;-;-;7;26
"171800 Porto Alegre do Tocantins";-;3;1;1;-;1;-;-;6;1;1;-;-;-;-;-;-;-;1;15
"171820 Porto Nacional";5;30;-;16;7;10;-;-;73;21;11;1;3;8;-;4;1;2;54;246
"171830 Praia Norte";3;6;-;-;1;1;-;-;20;3;3;-;-;-;-;-;-;-;5;42
"171840 Presidente Kennedy";2;5;-;-;-;-;-;-;7;1;1;-;-;-;-;2;1;-;2;21
"171845 Pugmil";1;4;-;1;-;-;-;-;3;3;1;-;-;1;-;-;1;-;3;18
"171850 Recursolândia";1;2;-;3;-;-;-;-;8;2;1;-;-;-;-;1;-;1;5;24
"171855 Riachinho";1;3;-;1;-;-;-;-;8;1;-;-;-;-;-;1;1;-;3;19
"171865 Rio da Conceição";1;1;-;1;-;-;-;-;2;-;-;-;-;-;-;-;-;-;1;6
"171870 Rio dos Bois";-;2;1;1;1;-;-;-;2;-;-;-;-;-;-;-;1;1;3;12
"171875 Rio Sono";-;4;-;1;2;1;-;-;9;2;1;-;-;1;-;2;-;1;4;28
"171880 Sampaio";1;5;-;2;-;-;-;-;6;3;3;-;-;1;-;-;-;1;1;23
"171884 Sandolândia";-;3;-;3;-;-;-;-;6;1;2;-;-;1;-;1;1;3;3;24
"171886 Santa Fé do Araguaia";1;4;-;4;-;-;-;-;7;3;-;-;-;-;-;1;1;1;2;24
"171888 Santa Maria do Tocantins";-;3;-;2;-;-;-;-;3;1;-;-;-;1;-;-;-;-;1;11
"171889 Santa Rita do Tocantins";-;-;-;-;-;-;-;-;-;1;-;-;-;-;-;-;-;-;1;2
"171890 Santa Rosa do Tocantins";2;1;-;2;-;-;-;-;11;1;-;1;-;1;-;-;-;2;6;27
"171900 Santa Tereza do Tocantins";-;3;-;-;-;-;-;-;5;-;-;-;-;-;-;-;-;-;1;9
"172000 Santa Terezinha do Tocantins";-;1;-;2;-;1;-;-;7;1;2;-;-;-;-;1;-;-;4;19
"172010 São Bento do Tocantins";2;2;-;-;-;1;-;-;4;3;-;-;-;-;-;-;-;-;2;14
"172015 São Félix do Tocantins";-;2;-;-;1;-;-;-;5;-;-;-;-;-;-;1;-;1;1;11
"172020 São Miguel do Tocantins";3;1;-;1;1;5;-;-;16;2;4;-;-;-;-;3;1;1;10;48
"172025 São Salvador do Tocantins";-;2;-;-;-;-;-;-;5;3;-;-;-;-;-;1;-;1;2;14
"172030 São Sebastião do Tocantins";-;4;-;-;1;-;-;-;10;3;-;-;-;-;-;1;-;-;1;20
"172049 São Valério";1;1;-;3;-;-;-;-;7;5;-;-;-;-;-;1;1;2;9;30
"172065 Silvanópolis";3;2;-;3;-;1;-;-;6;3;2;-;-;1;-;-;-;2;11;34
"172080 Sítio Novo do Tocantins";1;-;1;7;1;-;-;-;20;2;-;-;-;-;1;-;-;2;8;43
"172085 Sucupira";-;1;-;1;-;1;-;-;3;-;1;-;-;1;-;-;-;-;4;12
"172090 Taguatinga";2;8;2;4;1;1;-;-;21;7;7;-;-;-;-;1;-;11;14;79
"172093 Taipas do Tocantins";-;2;-;2;-;-;-;-;4;-;1;-;-;-;-;-;-;-;5;14
"172097 Talismã";-;-;-;-;1;-;-;-;2;3;1;-;-;-;1;1;1;-;3;13
"172110 Tocantínia";3;1;-;6;-;-;-;-;8;5;4;-;-;2;-;2;2;-;6;39
"172120 Tocantinópolis";4;14;1;4;5;1;-;-;43;17;10;-;-;4;-;3;3;5;9;123
"172125 Tupirama";1;1;-;-;-;-;-;-;2;-;-;-;-;-;-;1;-;-;2;7
"172130 Tupiratins";-;1;-;-;-;-;-;-;2;1;-;-;-;-;-;-;-;1;2;7
"172208 Wanderlândia";2;12;-;5;-;-;-;-;22;7;5;-;-;1;-;-;1;-;4;59
"172210 Xambioá";1;13;1;4;-;1;-;-;32;4;7;-;-;1;-;2;1;-;7;74
"170000 Município ignorado - TO";1;-;-;-;-;1;-;-;2;2;-;-;-;-;-;-;-;5;12;23
"210005 Açailândia";20;63;2;37;7;9;-;-;121;25;25;-;1;8;-;23;6;15;113;475
"210010 Afonso Cunha";1;3;-;3;-;-;-;-;8;2;2;-;-;-;1;2;-;4;-;26
"210015 Água Doce do Maranhão";-;3;-;7;-;-;-;-;15;1;3;-;-;-;-;1;-;1;2;33
"210020 Alcântara";5;8;-;5;1;3;-;-;20;5;3;-;1;2;-;3;-;22;12;90
"210030 Aldeias Altas";5;6;-;3;1;1;-;-;29;3;4;-;-;1;1;7;1;16;9;87
"210040 Altamira do Maranhão";-;5;1;1;-;-;-;-;11;-;3;-;-;-;-;-;-;2;4;27
"210043 Alto Alegre do Maranhão";8;8;2;6;-;1;-;-;28;14;6;1;-;1;-;6;1;30;14;126
"210047 Alto Alegre do Pindaré";3;9;-;8;1;5;-;-;58;2;5;-;1;3;2;1;1;7;21;127
"210050 Alto Parnaíba";2;4;-;3;-;1;-;-;28;2;-;-;-;1;-;1;-;2;5;49
"210055 Amapá do Maranhão";1;3;-;1;-;-;-;-;13;2;1;-;-;-;-;-;-;1;3;25
"210060 Amarante do Maranhão";9;16;-;21;-;2;-;-;46;13;8;-;-;-;1;6;2;13;27;164
"210070 Anajatuba";5;8;1;7;1;-;-;-;22;12;4;-;-;1;-;1;-;6;10;78
"210080 Anapurus";3;6;-;8;1;1;-;-;13;3;3;-;-;1;-;2;-;-;7;48
"210083 Apicum-Açu";6;8;-;5;-;1;-;-;10;3;1;-;-;1;-;3;1;2;8;49
"210087 Araguanã";-;1;-;4;-;-;-;-;19;1;2;-;-;-;1;2;-;7;2;39
"210090 Araioses";4;12;1;17;1;2;-;-;60;18;4;1;-;3;-;7;-;15;17;162
"210095 Arame";4;7;-;12;1;-;-;-;35;5;6;-;-;-;-;2;1;13;16;102
"210100 Arari";6;14;1;10;1;2;-;-;41;10;9;-;-;1;-;2;3;15;23;138
"210110 Axixá";4;6;-;5;-;-;-;-;12;7;-;2;-;1;-;2;-;2;11;52
"210120 Bacabal";37;67;4;51;5;8;-;-;184;43;30;2;-;4;1;20;2;12;87;557
"210125 Bacabeira";3;8;1;6;-;2;-;-;17;5;3;1;-;-;-;2;-;5;13;66
"210130 Bacuri";1;9;1;7;-;3;-;-;19;5;2;-;-;1;-;2;-;2;4;56
"210135 Bacurituba";1;1;-;3;-;-;-;-;8;-;1;-;-;-;-;-;-;3;2;19
"210140 Balsas";19;34;-;23;-;3;-;-;131;19;15;-;-;3;1;23;6;64;87;428
"210150 Barão de Grajaú";4;10;-;8;1;-;-;-;24;8;6;1;1;1;-;5;-;8;16;93
"210160 Barra do Corda";45;34;-;40;13;9;-;-;163;23;24;-;1;5;-;7;4;6;95;469
"210170 Barreirinhas";15;29;2;16;3;2;-;-;64;13;9;1;-;3;1;12;6;3;25;204
"210177 Bela Vista do Maranhão";2;3;-;2;1;3;-;-;19;2;-;-;-;2;1;-;1;4;8;48
"210173 Belágua";1;3;-;-;-;-;-;-;9;-;-;-;-;-;-;2;-;2;-;17
"210180 Benedito Leite";-;2;-;-;-;-;-;-;8;4;1;-;-;-;-;-;-;2;2;19
"210190 Bequimão";5;16;-;2;-;-;-;-;14;3;3;-;-;1;-;3;2;2;8;59
"210193 Bernardo do Mearim";-;1;-;-;-;-;-;-;9;1;-;-;-;1;-;-;-;2;1;15
"210197 Boa Vista do Gurupi";-;1;-;2;-;-;-;-;3;-;-;-;-;-;-;3;-;4;6;19
"210200 Bom Jardim";2;20;-;7;-;2;-;-;56;3;10;-;-;3;-;6;-;12;24;145
"210203 Bom Jesus das Selvas";11;8;-;8;-;-;-;-;22;7;3;-;-;1;-;8;2;5;15;90
"210207 Bom Lugar";2;6;1;5;-;-;-;-;12;4;2;-;-;-;-;-;1;2;2;37
"210210 Brejo";4;19;3;1;1;1;-;-;64;6;6;1;-;1;-;4;3;4;14;132
"210215 Brejo de Areia";1;1;-;2;1;2;-;-;8;1;1;-;-;-;-;-;-;4;-;21
"210220 Buriti";2;6;3;10;-;2;-;-;42;8;2;-;-;1;1;9;4;13;11;114
"210230 Buriti Bravo";1;12;1;9;-;-;-;-;45;8;6;-;-;1;-;2;2;3;16;106
"210232 Buriticupu";16;18;-;18;-;2;-;-;59;14;7;-;-;3;1;13;2;47;69;269
"210235 Buritirana";-;7;-;5;-;2;-;-;10;2;3;-;1;-;-;3;-;27;4;64
"210237 Cachoeira Grande";2;3;-;5;-;-;-;-;3;1;1;-;-;-;-;2;-;2;4;23
"210240 Cajapió";1;1;-;2;1;1;-;-;13;2;4;-;-;-;-;5;3;16;8;57
"210250 Cajari";1;4;1;1;-;-;-;-;23;3;2;-;-;-;1;3;-;12;4;55
"210255 Campestre do Maranhão";4;7;2;-;-;-;-;-;27;5;1;-;-;1;-;4;-;2;5;58
"210260 Cândido Mendes";2;2;-;3;-;-;-;-;7;-;2;-;-;-;-;2;-;15;4;37
"210270 Cantanhede";7;10;-;13;-;-;-;-;34;5;6;-;-;1;-;4;1;5;7;93
"210275 Capinzal do Norte";-;3;1;4;-;-;-;-;18;2;1;-;-;-;1;1;-;-;13;44
"210280 Carolina";3;9;1;9;4;1;-;-;56;19;5;1;1;1;-;3;6;9;15;143
"210290 Carutapera";1;8;1;5;2;1;-;-;21;3;1;-;-;-;1;7;-;21;8;80
"210300 Caxias";40;92;1;75;4;11;-;-;263;55;28;2;2;21;2;58;15;35;142;846
"210310 Cedral";1;6;-;2;-;1;-;-;6;4;3;-;-;1;-;1;-;-;5;30
"210312 Central do Maranhão";2;1;-;2;-;-;-;-;9;4;2;-;-;-;-;2;-;1;5;28
"210315 Centro do Guilherme";3;2;-;1;-;1;-;-;3;-;1;-;1;-;-;-;-;1;3;16
"210317 Centro Novo do Maranhão";2;2;2;7;-;2;-;-;13;5;2;-;-;-;-;3;-;4;5;47
"210320 Chapadinha";12;38;2;37;9;4;-;-;131;19;18;-;1;6;2;22;6;18;57;382
"210325 Cidelândia";3;1;-;7;1;-;-;-;16;9;-;-;-;-;-;2;1;7;9;56
"210330 Codó";36;91;4;41;3;7;-;-;191;54;34;2;1;12;2;25;5;9;69;586
"210340 Coelho Neto";9;19;1;20;4;5;-;-;88;10;13;1;2;3;2;18;3;3;36;237
"210350 Colinas";8;20;1;13;-;2;-;-;63;14;15;-;1;6;1;6;4;7;37;198
"210355 Conceição do Lago-Açu";1;4;-;1;-;-;-;-;18;2;2;-;-;-;-;3;1;1;8;41
"210360 Coroatá";20;27;1;13;1;2;-;-;93;25;12;3;-;2;-;15;2;71;30;317
"210370 Cururupu";8;14;1;13;2;2;-;-;39;13;6;-;1;2;1;6;2;59;19;188
"210375 Davinópolis";6;8;-;5;2;-;-;-;18;15;5;1;-;-;-;1;1;9;12;83
"210380 Dom Pedro";5;11;3;8;3;1;-;-;26;9;7;1;1;1;1;4;-;4;26;111
"210390 Duque Bacelar";2;6;-;6;-;-;-;-;20;2;5;-;-;1;-;1;1;5;3;52
"210400 Esperantinópolis";4;10;-;5;-;-;-;-;34;9;5;-;-;-;-;2;1;9;5;84
"210405 Estreito";7;15;-;9;-;2;-;-;51;12;3;-;-;5;1;4;3;6;34;152
"210407 Feira Nova do Maranhão";2;2;1;4;1;-;-;-;9;2;-;-;-;-;1;-;-;2;3;27
"210408 Fernando Falcão";2;3;1;2;-;-;-;-;4;3;-;-;-;-;-;2;-;1;3;21
"210409 Formosa da Serra Negra";-;6;1;4;-;1;-;-;17;3;1;-;-;-;-;3;1;3;11;51
"210410 Fortaleza dos Nogueiras";2;6;1;3;2;-;-;-;14;1;1;-;-;-;-;1;-;8;12;51
"210420 Fortuna";5;16;-;4;-;1;-;-;23;9;4;-;-;1;1;1;1;2;23;91
"210430 Godofredo Viana";-;3;-;2;-;2;-;-;1;2;-;-;-;-;-;3;-;7;2;22
"210440 Gonçalves Dias";1;5;-;10;-;-;-;-;19;5;2;-;-;-;-;-;2;2;5;51
"210450 Governador Archer";3;13;-;2;1;-;-;-;23;2;4;-;-;1;1;3;1;3;6;63
"210455 Governador Edison Lobão";4;7;-;6;1;1;-;-;21;3;6;-;-;1;1;1;2;4;13;71
"210460 Governador Eugênio Barros";5;6;-;4;-;1;-;-;19;4;4;-;-;2;-;1;3;-;10;59
"210462 Governador Luiz Rocha";1;4;-;-;-;-;-;-;15;-;2;-;-;-;-;2;1;1;8;34
"210465 Governador Newton Bello";2;4;-;6;-;1;-;-;21;-;1;-;-;-;-;2;2;1;5;45
"210467 Governador Nunes Freire";7;5;1;4;1;3;-;-;23;5;5;1;1;1;-;11;-;4;22;94
"210470 Graça Aranha";1;-;-;5;-;1;-;-;10;-;4;-;-;1;1;-;-;-;7;30
"210480 Grajaú";16;27;-;25;1;4;-;-;73;20;10;-;-;4;1;17;2;28;61;289
"210490 Guimarães";2;11;-;7;-;1;-;-;22;6;3;-;-;-;-;1;1;1;5;60
"210500 Humberto de Campos";5;9;1;7;-;4;-;-;29;8;7;-;-;1;2;3;3;20;15;114
"210510 Icatu";4;11;-;5;-;1;-;-;37;3;6;-;-;1;1;2;3;9;9;92
"210515 Igarapé do Meio";4;3;-;2;-;1;-;-;19;7;4;-;-;-;1;5;-;3;5;54
"210520 Igarapé Grande";2;4;-;5;-;1;-;-;20;1;2;1;-;-;-;1;1;3;3;44
"210530 Imperatriz";84;210;4;98;9;24;-;-;380;148;70;1;3;29;6;44;12;49;254;1425
"210535 Itaipava do Grajaú";2;8;1;4;1;-;-;-;13;2;3;-;-;-;-;3;1;1;6;45
"210540 Itapecuru Mirim";11;29;2;25;2;5;-;-;114;24;14;1;2;6;-;10;6;13;60;324
"210542 Itinga do Maranhão";7;14;-;8;-;1;-;-;30;5;6;-;-;1;1;4;-;7;25;109
"210545 Jatobá";-;4;-;3;-;-;-;-;5;1;-;-;-;-;-;2;1;1;9;26
"210547 Jenipapo dos Vieiras";-;5;-;3;-;3;-;-;12;3;2;-;-;-;-;4;1;5;5;43
"210550 João Lisboa";8;16;-;9;1;1;-;-;35;9;6;-;-;2;2;3;2;29;11;134
"210560 Joselândia";4;10;-;5;1;2;-;-;26;3;5;-;-;1;1;4;-;2;15;79
"210565 Junco do Maranhão";1;2;-;1;-;-;-;-;5;5;-;-;-;1;-;-;-;-;6;21
"210570 Lago da Pedra";11;30;4;23;-;3;-;-;61;23;10;-;-;6;-;12;3;13;26;225
"210580 Lago do Junco";2;4;-;3;-;-;-;-;19;2;2;-;-;-;-;-;-;5;6;43
"210594 Lago dos Rodrigues";1;-;-;3;-;1;-;-;17;2;1;-;-;3;-;-;-;11;6;45
"210590 Lago Verde";1;5;-;4;1;-;-;-;25;1;3;-;-;1;-;5;1;1;8;56
"210592 Lagoa do Mato";1;6;-;1;-;-;-;-;22;-;5;-;-;1;-;-;-;1;4;41
"210596 Lagoa Grande do Maranhão";3;3;1;4;-;-;-;-;13;-;1;-;-;1;1;4;-;2;4;37
"210598 Lajeado Novo";3;3;-;-;-;2;-;-;15;1;1;-;-;1;-;-;-;2;5;33
"210600 Lima Campos";7;4;1;9;-;-;-;-;19;3;2;-;-;2;-;1;1;3;11;63
"210610 Loreto";1;3;-;1;-;1;-;-;17;-;1;-;-;4;-;-;-;2;3;33
"210620 Luís Domingues";-;4;-;1;-;1;-;-;6;2;3;-;-;-;-;-;-;2;3;22
"210630 Magalhães de Almeida";2;8;1;4;-;2;-;-;31;6;5;-;1;4;-;5;-;7;7;83
"210632 Maracaçumé";4;2;5;6;-;2;-;-;27;4;4;-;-;1;1;4;-;5;10;75
"210635 Marajá do Sena";1;1;-;1;-;-;-;-;5;1;1;-;-;-;-;1;1;7;4;23
"210637 Maranhãozinho";3;-;1;-;1;-;-;-;22;4;2;2;-;-;-;4;1;2;7;49
"210640 Mata Roma";-;7;1;6;-;-;-;-;21;5;3;2;1;2;-;6;1;1;7;63
"210650 Matinha";3;5;-;10;1;-;-;-;39;4;6;-;-;2;-;5;2;9;21;107
"210660 Matões";5;12;-;6;1;1;-;-;37;7;6;2;-;4;1;4;7;19;12;124
"210663 Matões do Norte";-;2;-;2;-;1;-;-;14;1;1;-;-;1;-;-;-;2;1;25
"210667 Milagres do Maranhão";-;-;-;1;-;-;-;-;5;-;-;-;-;-;-;1;-;3;3;13
"210670 Mirador";-;3;1;4;-;-;-;-;17;4;2;-;1;-;-;3;1;19;12;67
"210675 Miranda do Norte";8;9;-;8;1;-;-;-;33;8;7;-;1;2;1;2;-;5;21;106
"210680 Mirinzal";3;1;4;7;-;-;-;-;23;2;2;-;-;-;1;2;-;1;7;53
"210690 Monção";11;15;3;22;1;2;-;-;43;11;7;-;-;3;-;6;-;5;20;149
"210700 Montes Altos";2;5;-;4;-;-;-;-;6;6;1;-;-;-;-;2;-;14;14;54
"210710 Morros";5;2;-;3;2;-;-;-;9;5;8;-;-;-;-;1;1;2;3;41
"210720 Nina Rodrigues";-;4;-;2;-;1;-;-;14;5;3;-;-;2;-;2;1;1;3;38
"210725 Nova Colinas";-;-;-;1;-;-;-;-;2;-;-;-;-;1;-;-;-;1;3;8
"210730 Nova Iorque";2;-;-;-;1;1;-;-;4;2;2;-;-;1;-;2;-;6;-;21
"210735 Nova Olinda do Maranhão";2;6;2;6;-;-;-;-;22;4;2;-;-;1;4;3;1;6;11;70
"210740 Olho d'Água das Cunhãs";2;6;1;4;-;-;-;-;24;4;4;-;-;1;-;1;-;8;9;64
"210745 Olinda Nova do Maranhão";2;7;1;3;-;-;-;-;17;5;3;-;1;-;-;2;-;1;3;45
"210750 Paço do Lumiar";19;69;1;33;1;6;-;-;140;40;27;-;3;5;-;16;5;11;98;474
"210760 Palmeirândia";2;4;-;2;-;1;-;-;20;3;5;-;-;1;-;2;1;1;6;48
"210770 Paraibano";3;7;2;10;-;2;-;-;41;8;7;-;-;2;-;8;2;12;22;126
"210780 Parnarama";4;13;1;14;-;5;-;-;38;13;7;-;-;1;1;5;1;14;17;134
"210790 Passagem Franca";4;8;-;6;-;1;-;-;29;2;3;-;1;1;-;7;-;3;9;74
"210800 Pastos Bons";3;9;2;3;-;-;-;-;43;5;3;-;1;4;-;1;-;21;16;111
"210805 Paulino Neves";4;3;-;8;-;-;-;-;13;-;1;-;1;-;-;3;-;3;5;41
"210810 Paulo Ramos";6;16;-;6;-;-;-;-;44;4;7;2;-;-;1;4;-;3;12;105
"210820 Pedreiras";13;32;1;12;-;-;-;-;87;28;14;-;-;7;-;11;2;8;20;235
"210825 Pedro do Rosário";1;3;-;3;-;2;-;-;14;3;5;-;-;-;1;3;3;5;7;50
"210830 Penalva";4;13;2;9;-;1;-;-;59;8;9;-;1;3;-;7;-;28;33;177
"210840 Peri Mirim";1;9;1;3;2;-;-;-;17;9;3;-;-;3;-;2;-;4;7;61
"210845 Peritoró";8;9;1;7;1;4;-;-;38;9;7;-;-;4;-;6;-;9;10;113
"210850 Pindaré-Mirim";3;20;3;22;-;2;-;-;59;17;12;1;1;4;-;6;1;21;21;193
"210860 Pinheiro";17;48;4;31;1;7;-;1;118;12;18;1;3;2;1;17;1;10;59;351
"210870 Pio XII";6;9;4;6;-;2;-;-;28;7;10;-;-;2;-;2;-;10;14;100
"210880 Pirapemas";8;7;-;5;-;3;-;-;29;7;6;2;-;2;-;2;2;4;6;83
"210890 Poção de Pedras";3;12;1;7;-;-;-;-;40;5;3;-;-;1;1;3;2;10;12;100
"210900 Porto Franco";2;12;1;13;-;2;-;-;32;10;4;-;1;1;1;1;1;2;16;99
"210905 Porto Rico do Maranhão";2;3;-;2;1;2;-;-;7;4;1;-;-;-;-;1;-;3;1;27
"210910 Presidente Dutra";6;38;1;15;-;1;-;-;70;18;18;1;1;2;1;6;2;10;53;243
"210920 Presidente Juscelino";1;7;-;6;-;1;-;-;12;4;5;-;-;-;-;1;1;1;3;42
"210923 Presidente Médici";1;1;-;-;-;-;-;-;7;1;-;-;-;1;-;1;1;3;5;21
"210927 Presidente Sarney";1;9;-;3;1;1;-;-;23;-;4;-;-;2;-;4;-;1;8;57
"210930 Presidente Vargas";2;9;1;3;1;1;-;1;16;3;2;-;-;-;-;3;2;6;3;53
"210940 Primeira Cruz";4;4;-;3;-;2;-;-;12;3;3;-;-;-;1;1;-;3;1;37
"210945 Raposa";13;17;1;10;-;2;-;-;24;10;5;1;1;2;-;2;4;1;27;120
"210950 Riachão";4;11;-;9;-;5;-;-;48;11;3;-;-;3;-;2;1;6;18;121
"210955 Ribamar Fiquene";5;3;-;5;-;-;-;-;13;3;2;-;1;-;-;2;-;-;9;43
"210960 Rosário";17;31;3;11;-;2;-;-;95;20;10;-;4;6;1;3;3;2;30;238
"210970 Sambaíba";-;2;-;1;1;-;-;-;13;3;-;-;-;1;-;1;1;1;5;29
"210975 Santa Filomena do Maranhão";-;2;-;1;-;-;-;-;4;1;2;-;-;-;-;-;-;5;5;20
"210980 Santa Helena";5;9;1;19;-;3;-;-;32;12;9;-;-;1;1;5;3;13;29;142
"210990 Santa Inês";19;42;3;44;2;8;-;-;203;36;37;-;1;14;1;17;1;47;73;548
"211000 Santa Luzia";12;15;4;8;1;1;-;-;98;13;11;-;-;5;1;13;4;93;56;335
"211003 Santa Luzia do Paruá";2;10;-;4;1;2;-;-;40;7;3;-;-;2;-;2;-;-;24;97
"211010 Santa Quitéria do Maranhão";6;14;2;7;3;3;-;-;25;5;5;1;-;1;1;7;-;5;15;100
"211020 Santa Rita";6;17;2;9;-;5;-;-;62;12;10;-;-;1;1;6;-;4;22;157
"211023 Santana do Maranhão";-;6;1;2;-;-;-;-;13;3;2;-;-;-;-;3;-;4;4;38
"211027 Santo Amaro do Maranhão";-;4;-;3;-;-;-;-;12;7;2;-;-;1;-;1;-;-;3;33
"211030 Santo Antônio dos Lopes";5;6;-;1;1;1;-;-;19;4;5;-;-;1;-;2;-;5;11;61
"211040 São Benedito do Rio Preto";5;5;-;12;-;-;-;-;25;5;2;-;-;2;3;2;4;4;4;73
"211050 São Bento";6;8;5;14;1;1;-;-;44;13;5;-;-;2;-;8;1;42;19;169
"211060 São Bernardo";2;13;-;15;1;1;-;-;43;6;3;-;-;-;-;3;2;6;13;108
"211065 São Domingos do Azeitão";1;3;-;1;-;-;-;-;10;1;-;-;-;1;-;1;-;2;2;22
"211070 São Domingos do Maranhão";3;21;-;5;1;3;-;-;51;8;10;-;-;2;1;4;-;4;30;143
"211080 São Félix de Balsas";-;1;1;2;-;-;-;-;9;-;2;-;-;-;-;-;-;2;2;19
"211085 São Francisco do Brejão";4;9;-;4;-;1;-;-;13;2;3;-;-;1;-;-;-;2;2;41
"211090 São Francisco do Maranhão";1;2;-;6;-;-;-;-;27;1;-;-;-;1;-;-;-;7;2;47
"211100 São João Batista";1;6;5;7;1;-;-;-;33;4;3;1;-;-;1;5;1;5;7;80
"211102 São João do Carú";-;5;-;4;-;1;-;-;23;3;8;-;-;-;-;3;1;1;8;57
"211105 São João do Paraíso";3;-;1;1;-;-;-;-;4;1;2;-;-;-;-;2;-;9;3;26
"211107 São João do Soter";-;7;-;8;3;1;-;-;23;8;3;-;-;2;1;3;2;8;6;75
"211110 São João dos Patos";10;10;2;6;1;-;-;-;50;9;7;1;-;2;-;3;1;20;14;136
"211120 São José de Ribamar";44;79;2;53;10;4;-;-;183;62;31;2;4;13;3;19;5;9;169;692
"211125 São José dos Basílios";-;8;-;-;-;1;-;-;7;5;2;-;-;-;-;3;1;2;5;34
"211130 São Luís";344;917;41;392;37;112;-;-;1401;553;349;12;16;108;14;174;73;57;1131;5731
"211140 São Luís Gonzaga do Maranhão";4;9;1;7;-;-;-;-;26;3;8;-;1;4;-;1;1;9;6;80
"211150 São Mateus do Maranhão";17;17;2;22;3;4;-;-;74;18;6;-;1;5;1;8;4;12;33;227
"211153 São Pedro da Água Branca";6;5;2;6;-;3;-;-;16;10;5;-;-;1;-;2;1;8;5;70
"211157 São Pedro dos Crentes";-;1;-;1;-;-;-;-;9;1;1;-;-;-;-;2;-;-;2;17
"211160 São Raimundo das Mangabeiras";1;2;-;7;-;2;-;-;39;6;1;-;-;1;1;4;-;16;13;93
"211163 São Raimundo do Doca Bezerra";-;1;-;1;-;-;-;-;5;1;-;-;-;-;-;-;-;1;-;9
"211167 São Roberto";-;2;-;4;-;-;-;-;5;1;-;-;-;1;-;-;1;3;3;20
"211170 São Vicente Ferrer";1;3;-;6;1;1;-;-;29;4;6;-;-;1;-;2;2;7;12;75
"211172 Satubinha";1;4;-;1;-;-;-;-;9;2;1;-;-;-;-;1;3;3;4;29
"211174 Senador Alexandre Costa";3;6;-;2;-;-;-;-;26;4;3;-;-;-;-;3;1;4;4;56
"211176 Senador La Rocque";6;6;1;3;1;-;-;-;11;6;4;-;-;-;-;3;1;35;16;93
"211178 Serrano do Maranhão";1;2;1;5;-;1;-;-;17;-;4;-;-;1;1;2;-;3;9;47
"211180 Sítio Novo";3;6;-;2;-;2;-;-;17;4;6;-;-;3;-;-;1;9;11;64
"211190 Sucupira do Norte";1;2;-;2;-;1;-;-;30;1;-;-;-;1;-;1;-;-;5;44
"211195 Sucupira do Riachão";-;3;-;2;-;-;-;-;12;3;1;-;-;-;-;1;-;3;1;26
"211200 Tasso Fragoso";-;2;-;1;-;-;-;-;13;2;1;-;-;1;-;1;-;2;5;28
"211210 Timbiras";7;6;1;6;-;1;-;-;28;11;11;-;-;1;2;3;1;29;7;114
"211220 Timon";45;101;4;95;14;15;-;-;274;87;39;7;1;22;5;23;9;4;124;869
"211223 Trizidela do Vale";1;8;-;4;1;-;-;-;41;3;10;-;1;-;2;1;3;5;13;93
"211227 Tufilândia";2;6;-;1;-;-;-;-;10;1;4;1;-;1;-;-;-;2;3;31
"211230 Tuntum";3;9;2;5;-;5;-;-;58;19;7;-;-;1;-;6;1;13;30;159
"211240 Turiaçu";4;13;2;3;-;-;-;-;18;8;5;-;-;-;1;3;3;48;11;119
"211245 Turilândia";2;4;-;4;-;-;-;-;18;2;3;-;-;1;-;1;-;3;9;47
"211250 Tutóia";11;21;2;19;2;3;-;-;68;15;8;-;-;2;-;7;1;14;25;198
"211260 Urbano Santos";4;8;-;3;-;2;-;-;18;6;2;-;-;-;1;14;-;1;2;61
"211270 Vargem Grande";9;22;2;25;2;1;-;-;69;13;13;1;-;6;-;5;4;8;31;211
"211280 Viana";6;22;1;22;6;4;-;-;83;32;9;1;2;1;-;9;3;14;22;237
"211285 Vila Nova dos Martírios";2;6;-;5;-;1;-;-;8;1;1;-;-;1;-;-;1;1;7;34
"211290 Vitória do Mearim";5;15;1;19;1;-;-;-;44;13;12;-;-;3;1;3;2;14;29;162
"211300 Vitorino Freire";7;14;-;11;-;1;-;-;78;9;7;-;-;2;1;3;-;4;28;165
"211400 Zé Doca";13;25;1;27;2;-;-;-;96;10;11;-;-;3;1;11;3;18;60;281
"210000 Município ignorado - MA";2;-;-;-;-;-;-;-;2;1;2;-;-;-;-;-;1;4;25;37
"220005 Acauã";4;1;1;3;-;-;-;-;8;-;2;1;-;1;-;1;-;8;7;37
"220010 Agricolândia";-;6;1;1;-;-;-;-;24;4;2;-;-;-;-;1;-;1;4;44
"220020 Água Branca";4;8;1;7;-;3;-;-;44;10;4;-;-;1;-;5;2;-;15;104
"220025 Alagoinha do Piauí";1;6;1;5;-;-;-;-;28;1;3;-;-;1;-;-;-;1;3;50
"220027 Alegrete do Piauí";-;3;-;4;-;-;-;-;4;3;4;-;-;1;1;-;-;1;2;23
"220030 Alto Longá";2;10;-;13;-;2;-;-;30;7;2;1;1;3;2;2;-;1;10;86
"220040 Altos";11;21;-;19;3;6;-;-;88;21;12;-;1;5;-;6;3;38;37;271
"220045 Alvorada do Gurguéia";1;4;-;2;-;-;-;-;4;-;1;-;-;-;-;3;-;-;4;19
"220050 Amarante";6;14;-;11;2;1;-;-;32;2;2;-;1;3;-;2;1;3;13;93
"220060 Angical do Piauí";2;5;-;6;1;2;-;-;23;6;4;-;-;1;-;2;-;6;8;66
"220070 Anísio de Abreu";-;4;1;5;-;2;-;-;11;5;2;-;-;-;-;1;-;2;7;40
"220080 Antônio Almeida";1;3;-;-;-;-;-;-;5;3;-;-;-;-;-;1;-;1;2;16
"220090 Aroazes";-;2;1;1;-;-;-;-;19;-;2;-;-;1;-;-;-;5;1;32
"220095 Aroeiras do Itaim";1;5;-;-;-;1;-;-;9;1;-;-;-;-;-;2;-;-;-;19
"220100 Arraial";2;6;1;2;-;-;-;-;10;-;2;-;-;1;1;-;1;1;3;30
"220105 Assunção do Piauí";-;2;-;1;-;2;-;-;14;1;1;-;-;1;-;-;1;4;7;34
"220110 Avelino Lopes";-;5;1;6;2;2;-;-;11;2;4;-;1;1;-;4;-;2;5;46
"220115 Baixa Grande do Ribeiro";2;6;-;1;-;-;-;-;8;5;1;-;-;-;-;1;-;3;4;31
"220117 Barra D'Alcântara";1;4;-;3;-;1;-;-;11;-;3;-;-;-;-;-;-;2;3;28
"220120 Barras";6;25;2;21;2;2;-;-;82;18;12;-;3;3;1;6;7;40;28;258
"220130 Barreiras do Piauí";-;1;-;1;-;-;-;-;4;3;-;-;-;-;-;3;-;1;7;20
"220140 Barro Duro";2;5;1;2;-;-;-;-;19;4;1;1;1;1;-;1;-;1;5;44
"220150 Batalha";4;24;-;20;4;2;-;-;61;4;9;-;-;-;-;2;2;2;16;150
"220155 Bela Vista do Piauí";1;3;-;1;-;2;-;-;7;-;-;-;-;-;-;-;-;-;1;15
"220157 Belém do Piauí";1;4;-;2;1;-;-;-;7;3;-;-;-;-;-;-;-;-;2;20
"220160 Beneditinos";2;10;-;1;-;2;-;-;28;3;2;-;-;3;-;1;1;8;4;65
"220170 Bertolínia";2;5;-;1;-;1;-;-;8;6;1;-;-;-;-;-;-;-;4;28
"220173 Betânia do Piauí";-;5;-;1;2;-;-;-;7;1;1;-;-;1;-;3;-;6;4;31
"220177 Boa Hora";1;3;-;3;-;3;-;-;13;2;2;-;-;-;-;1;2;1;3;34
"220180 Bocaina";2;1;-;5;-;-;-;-;15;4;3;-;-;1;-;1;-;4;7;43
"220190 Bom Jesus";2;12;2;12;1;5;-;-;42;3;9;-;1;5;-;4;1;1;23;123
"220191 Bom Princípio do Piauí";1;3;-;2;1;-;-;-;11;4;1;-;-;-;-;-;-;-;3;26
"220192 Bonfim do Piauí";-;1;-;4;1;-;-;-;5;1;2;-;-;1;1;2;2;7;4;31
"220194 Boqueirão do Piauí";1;5;-;1;-;3;-;-;12;-;1;-;-;-;-;-;-;8;6;37
"220196 Brasileira";1;5;-;2;-;-;-;-;14;3;-;-;-;-;-;3;-;-;6;34
"220198 Brejo do Piauí";-;1;-;2;-;-;-;-;4;1;1;-;-;1;-;1;-;-;2;13
"220200 Buriti dos Lopes";8;16;3;12;2;4;-;-;39;11;3;-;2;-;1;2;1;10;12;126
"220202 Buriti dos Montes";-;8;-;-;-;-;-;-;9;-;1;-;-;1;-;1;-;4;3;27
"220205 Cabeceiras do Piauí";1;9;2;4;3;2;-;-;26;-;2;-;1;2;-;1;1;3;7;64
"220207 Cajazeiras do Piauí";1;1;-;2;1;1;-;-;8;-;1;-;-;-;-;-;-;1;-;16
"220208 Cajueiro da Praia";-;1;-;1;-;1;-;-;9;3;2;-;-;-;-;3;-;1;3;24
"220209 Caldeirão Grande do Piauí";2;3;-;1;-;-;-;-;11;-;1;-;-;1;-;-;-;1;2;22
"220210 Campinas do Piauí";5;3;-;4;1;1;-;-;7;-;3;-;-;-;-;1;-;1;2;28
"220211 Campo Alegre do Fidalgo";-;7;-;3;-;1;-;-;18;1;1;1;-;-;-;-;-;-;4;36
"220213 Campo Grande do Piauí";3;7;-;8;1;-;-;-;13;1;2;1;-;2;-;-;-;-;6;44
"220217 Campo Largo do Piauí";2;2;-;4;-;-;-;-;10;1;1;-;-;1;-;4;1;2;1;29
"220220 Campo Maior";17;42;2;37;4;4;-;-;136;20;15;2;2;4;-;6;5;1;26;323
"220225 Canavieira";-;3;-;-;-;-;-;-;11;1;1;-;-;-;-;-;-;-;3;19
"220230 Canto do Buriti";4;17;-;17;5;1;-;-;50;10;7;-;-;-;-;2;2;3;13;131
"220240 Capitão de Campos";2;8;-;3;2;-;-;-;23;8;3;-;1;-;-;1;-;-;2;53
"220245 Capitão Gervásio Oliveira";2;5;-;2;-;1;-;-;7;6;-;-;-;-;-;1;-;-;6;30
"220250 Caracol";1;3;1;3;-;-;-;-;22;2;1;-;-;-;-;2;2;2;6;45
"220253 Caraúbas do Piauí";-;6;-;3;1;1;-;-;5;4;-;-;-;-;-;-;-;1;3;24
"220255 Caridade do Piauí";1;3;-;-;1;-;-;-;7;1;-;-;-;-;1;1;2;-;1;18
"220260 Castelo do Piauí";7;16;2;8;-;-;-;-;73;3;5;-;1;3;-;4;1;4;17;144
"220265 Caxingó";-;-;-;2;-;-;-;-;4;1;-;-;-;-;1;-;-;-;6;14
"220270 Cocal";5;12;3;9;3;-;-;-;25;9;4;-;-;4;-;1;3;30;10;118
"220271 Cocal de Telha";-;-;-;5;-;-;-;-;9;2;2;-;1;1;-;-;-;3;4;27
"220272 Cocal dos Alves";2;10;-;1;-;1;-;-;14;5;1;1;-;-;1;-;-;-;2;38
"220273 Coivaras";2;7;-;-;1;-;-;-;3;3;1;-;1;-;-;1;2;3;2;26
"220275 Colônia do Gurguéia";-;4;-;-;-;1;-;-;16;5;3;-;-;-;-;1;-;2;8;40
"220277 Colônia do Piauí";4;7;1;-;-;1;-;-;13;-;1;-;1;1;-;3;1;2;5;40
"220280 Conceição do Canindé";-;-;-;2;-;-;-;-;9;4;-;-;-;-;-;1;-;2;3;21
"220285 Coronel José Dias";-;1;-;3;-;-;-;-;13;3;2;-;-;-;-;1;-;-;1;24
"220290 Corrente";4;8;1;11;4;1;-;-;30;9;11;-;-;1;1;7;1;20;18;127
"220300 Cristalândia do Piauí";-;-;-;-;-;1;-;-;2;3;-;-;-;1;-;-;1;6;2;16
"220310 Cristino Castro";2;4;-;5;1;-;-;-;20;4;6;1;-;-;-;1;2;1;11;58
"220320 Curimatá";2;6;-;1;1;2;-;-;15;2;2;-;-;-;-;-;-;3;6;40
"220323 Currais";-;1;1;2;-;-;-;-;11;2;2;-;-;-;-;-;-;-;2;21
"220327 Curral Novo do Piauí";1;2;-;2;-;-;-;-;2;2;1;-;-;-;-;1;-;-;4;15
"220325 Curralinhos";1;1;-;1;-;-;-;-;9;3;-;-;-;-;-;-;-;1;3;19
"220330 Demerval Lobão";2;7;-;7;-;3;-;-;25;11;4;-;-;3;1;1;1;2;11;78
"220335 Dirceu Arcoverde";3;8;-;3;1;-;-;-;20;-;-;-;-;-;-;2;-;3;4;44
"220340 Dom Expedito Lopes";3;3;-;3;1;1;-;-;14;3;3;1;-;-;-;1;1;-;5;39
"220345 Dom Inocêncio";4;6;-;4;1;-;-;-;22;3;1;-;-;2;-;1;-;3;3;50
"220342 Domingos Mourão";-;4;-;1;-;2;-;-;9;4;-;-;-;-;-;2;1;1;2;26
"220350 Elesbão Veloso";2;16;1;7;2;1;-;-;49;6;8;-;-;2;-;3;-;-;7;104
"220360 Eliseu Martins";1;3;2;5;-;-;-;-;10;-;-;-;-;-;2;-;-;1;2;26
"220370 Esperantina";6;26;2;31;4;6;-;-;77;8;14;-;1;2;1;8;3;14;28;231
"220375 Fartura do Piauí";-;1;-;1;-;-;-;-;8;1;2;-;-;-;-;2;1;-;2;18
"220380 Flores do Piauí";-;4;2;-;1;2;-;-;3;1;2;1;-;1;-;5;-;-;2;24
"220385 Floresta do Piauí";-;-;-;-;-;-;-;-;9;1;2;-;-;-;-;-;1;1;-;14
"220390 Floriano";11;43;4;19;10;4;-;-;116;42;14;2;-;8;-;7;3;9;55;347
"220400 Francinópolis";1;4;-;5;-;-;-;-;16;-;-;-;-;1;-;2;-;-;2;31
"220410 Francisco Ayres";-;2;-;4;-;1;-;-;19;1;3;-;-;1;-;-;-;-;-;31
"220415 Francisco Macedo";-;-;-;2;-;1;-;-;4;1;1;1;-;-;-;-;1;-;-;11
"220420 Francisco Santos";4;3;-;7;-;-;-;-;28;1;2;-;-;-;-;4;-;3;9;61
"220430 Fronteiras";2;4;-;3;2;1;-;-;18;4;1;1;-;1;-;1;-;3;14;55
"220435 Geminiano";1;7;-;3;-;-;-;-;5;4;2;-;-;3;-;1;-;8;7;41
"220440 Gilbués";2;4;-;5;1;-;-;-;14;4;3;-;-;1;-;3;1;7;10;55
"220450 Guadalupe";7;8;1;4;1;1;-;-;17;1;3;1;-;-;-;-;1;-;12;57
"220455 Guaribas";-;2;-;-;-;-;-;-;-;-;1;-;-;-;-;-;1;3;3;10
"220460 Hugo Napoleão";-;4;-;2;-;-;-;-;9;2;1;-;-;1;1;-;1;-;3;24
"220465 Ilha Grande";4;5;1;6;-;-;-;-;11;9;1;-;-;1;-;1;-;-;5;44
"220470 Inhuma";3;9;-;4;1;4;-;1;42;5;4;1;-;1;-;1;1;4;11;92
"220480 Ipiranga do Piauí";1;8;-;4;1;3;-;-;21;2;2;-;-;1;-;1;1;-;7;52
"220490 Isaías Coelho";3;10;-;5;1;-;-;-;14;1;2;-;-;-;1;2;-;3;6;48
"220500 Itainópolis";7;14;-;8;1;1;-;-;27;7;5;1;1;1;-;3;-;5;9;90
"220510 Itaueira";2;9;-;4;1;1;-;-;17;2;5;-;-;1;-;-;1;1;10;54
"220515 Jacobina do Piauí";-;3;-;1;1;-;-;-;6;3;5;-;-;-;-;2;1;2;2;26
"220520 Jaicós";3;9;-;11;2;3;-;-;29;6;2;1;-;1;-;7;-;6;10;90
"220525 Jardim do Mulato";-;-;-;2;1;-;-;-;7;-;-;-;-;-;-;1;-;-;2;13
"220527 Jatobá do Piauí";2;-;-;3;-;-;-;-;11;2;1;-;-;-;-;-;1;1;6;27
"220530 Jerumenha";-;5;-;1;-;-;-;-;10;1;2;-;-;-;-;-;1;1;3;24
"220535 João Costa";-;2;-;-;-;-;-;-;6;-;1;-;-;-;-;-;-;-;-;9
"220540 Joaquim Pires";2;15;1;5;1;1;-;-;39;5;2;1;1;-;-;3;-;3;5;84
"220545 Joca Marques";-;2;1;3;-;-;-;-;10;3;-;-;-;1;-;2;-;-;-;22
"220550 José de Freitas";6;16;1;20;3;2;-;-;95;18;3;-;2;7;1;8;1;4;29;216
"220551 Juazeiro do Piauí";-;5;-;1;-;2;-;-;5;1;3;-;-;-;-;1;-;-;3;21
"220552 Júlio Borges";3;1;-;1;-;-;-;-;5;3;-;-;-;1;-;-;1;1;2;18
"220553 Jurema";3;-;-;3;-;1;-;-;7;1;2;-;-;1;-;2;-;-;6;26
"220555 Lagoa Alegre";2;3;2;2;-;-;-;-;18;3;1;-;-;1;-;-;1;4;6;43
"220557 Lagoa de São Francisco";1;5;-;2;-;-;-;-;8;3;1;-;-;-;-;1;-;1;4;26
"220556 Lagoa do Barro do Piauí";1;3;-;2;-;1;-;-;9;1;1;-;-;-;-;1;-;1;3;23
"220558 Lagoa do Piauí";-;3;-;1;1;-;-;-;7;2;-;-;-;-;-;3;-;-;1;18
"220559 Lagoa do Sítio";1;6;-;1;-;-;-;-;16;2;1;-;-;-;1;-;-;1;4;33
"220554 Lagoinha do Piauí";-;-;-;1;-;-;-;-;1;2;1;-;-;-;-;-;-;-;3;8
"220560 Landri Sales";1;6;-;9;-;-;-;-;11;3;2;-;-;-;-;-;-;-;4;36
"220570 Luís Correia";6;18;-;14;1;1;-;-;43;14;11;1;1;5;-;7;2;19;19;162
"220580 Luzilândia";6;16;-;16;2;-;-;-;48;10;6;-;2;-;-;5;1;4;14;130
"220585 Madeiro";1;5;-;5;-;-;-;-;13;-;3;-;-;-;-;1;1;2;2;33
"220590 Manoel Emídio";2;3;-;3;-;-;-;-;6;1;3;-;-;-;-;-;-;-;6;24
"220595 Marcolândia";1;5;2;2;-;-;-;-;15;1;3;-;-;1;-;2;-;1;11;44
"220600 Marcos Parente";1;4;-;-;1;1;-;-;7;1;1;-;-;-;-;-;-;1;7;24
"220605 Massapê do Piauí";4;11;1;3;-;-;-;-;13;1;1;-;-;-;1;-;-;3;5;43
"220610 Matias Olímpio";1;4;-;5;-;-;-;-;18;1;3;-;-;-;1;-;-;4;8;45
"220620 Miguel Alves";1;16;1;14;1;3;-;-;51;14;7;-;1;2;1;6;3;9;22;152
"220630 Miguel Leão";-;1;-;1;-;-;-;-;2;-;-;-;-;2;-;-;1;-;-;7
"220635 Milton Brandão";1;2;-;2;-;1;-;-;9;1;-;-;-;-;-;2;-;1;4;23
"220640 Monsenhor Gil";4;6;-;2;-;-;-;-;18;4;2;1;1;2;-;-;1;3;8;52
"220650 Monsenhor Hipólito";1;7;-;5;-;-;-;-;22;5;-;-;-;1;1;-;-;-;6;48
"220660 Monte Alegre do Piauí";5;6;-;-;-;1;-;-;17;2;2;-;-;1;-;2;1;3;13;53
"220665 Morro Cabeça no Tempo";1;2;-;2;-;-;-;-;2;-;1;-;-;-;-;1;2;1;2;14
"220667 Morro do Chapéu do Piauí";3;3;-;2;1;1;-;-;10;-;1;-;-;-;-;-;-;-;5;26
"220669 Murici dos Portelas";1;7;1;3;-;-;-;-;12;6;3;-;-;1;-;1;1;1;2;39
"220670 Nazaré do Piauí";2;7;2;-;2;-;-;-;29;4;2;-;-;2;-;1;-;3;2;56
"220672 Nazária";4;4;-;1;2;2;-;-;28;2;-;-;-;2;-;3;2;-;16;66
"220675 Nossa Senhora de Nazaré";1;2;-;1;-;-;-;-;11;2;3;-;-;1;1;-;-;2;5;29
"220680 Nossa Senhora dos Remédios";4;6;-;-;1;2;-;-;8;-;-;-;-;-;1;2;-;2;4;30
"220795 Nova Santa Rita";2;3;-;1;-;-;-;-;11;2;-;-;-;1;-;-;-;-;1;21
"220690 Novo Oriente do Piauí";3;10;-;4;-;-;-;-;23;4;-;-;-;-;-;-;-;3;11;58
"220695 Novo Santo Antônio";1;-;-;1;-;-;-;-;8;2;-;-;-;-;-;-;-;1;3;16
"220700 Oeiras";11;25;-;16;1;10;-;-;80;13;10;1;3;6;2;5;2;13;24;222
"220710 Olho D'Água do Piauí";-;2;-;1;-;-;-;-;14;-;1;-;-;-;-;-;-;2;4;24
"220720 Padre Marcos";1;6;-;4;1;1;-;-;28;-;2;-;-;-;-;-;-;3;7;53
"220730 Paes Landim";1;6;-;2;-;1;-;-;10;-;1;-;-;1;-;1;-;1;3;27
"220735 Pajeú do Piauí";-;1;-;2;-;-;-;-;8;1;1;-;-;-;-;-;-;-;3;16
"220740 Palmeira do Piauí";-;4;-;2;1;2;-;-;7;1;2;-;-;-;-;1;-;1;2;23
"220750 Palmeirais";2;4;-;10;3;-;-;-;30;2;3;-;-;-;1;2;1;11;15;84
"220755 Paquetá";-;3;-;3;-;-;-;-;6;1;1;-;-;-;-;-;-;-;5;19
"220760 Parnaguá";-;6;-;2;1;1;-;-;11;2;3;-;-;1;-;1;-;4;12;44
"220770 Parnaíba";46;133;6;86;11;14;-;-;261;123;41;2;4;20;2;29;10;96;104;988
"220775 Passagem Franca do Piauí";-;5;-;3;-;-;-;-;9;3;-;-;-;1;-;2;-;1;4;28
"220777 Patos do Piauí";-;12;-;9;-;1;-;-;15;2;1;-;-;-;-;-;1;2;4;47
"220779 Pau D'Arco do Piauí";-;2;-;2;-;-;-;-;11;-;-;-;-;-;-;-;-;-;1;16
"220780 Paulistana";11;11;5;11;4;1;-;1;34;14;1;-;1;2;-;3;2;12;12;125
"220785 Pavussu";2;-;-;1;-;-;-;-;9;3;-;-;-;1;-;-;1;3;2;22
"220790 Pedro II";7;26;2;14;-;5;-;-;89;14;10;-;2;3;2;5;4;15;28;226
"220793 Pedro Laurentino";3;3;-;-;-;-;-;-;3;-;2;-;-;1;-;-;1;1;1;15
"220800 Picos";19;67;7;36;7;13;-;-;181;37;20;5;-;4;2;8;2;-;65;473
"220810 Pimenteiras";2;4;1;2;1;1;-;-;19;5;3;-;-;2;-;1;-;3;3;47
"220820 Pio IX";3;25;-;9;4;4;-;-;35;3;6;-;-;1;1;3;-;4;18;116
"220830 Piracuruca";7;24;-;11;2;3;-;-;50;22;4;2;-;3;-;2;3;7;21;161
"220840 Piripiri";11;72;4;25;6;10;-;-;135;56;21;1;2;5;2;4;7;8;41;410
"220850 Porto";-;9;-;4;2;2;-;-;24;6;3;-;-;-;-;3;-;2;11;66
"220855 Porto Alegre do Piauí";-;1;-;1;-;-;-;-;3;2;-;-;-;-;-;1;-;2;1;11
"220860 Prata do Piauí";-;-;-;2;-;-;-;-;11;4;1;-;-;2;-;-;-;-;3;23
"220865 Queimada Nova";1;6;-;6;1;-;-;-;26;4;1;-;1;1;1;-;-;1;1;50
"220870 Redenção do Gurguéia";1;4;-;4;-;-;-;-;14;1;1;-;-;1;-;1;-;1;8;36
"220880 Regeneração";3;8;2;14;-;2;-;-;44;9;3;-;-;1;-;2;3;2;12;105
"220885 Riacho Frio";-;1;-;-;-;-;-;-;2;1;-;-;-;-;-;-;-;8;-;12
"220887 Ribeira do Piauí";1;4;-;-;-;-;-;-;8;-;1;1;-;-;-;-;-;-;1;16
"220890 Ribeiro Gonçalves";1;4;-;1;-;-;-;-;7;3;1;-;-;-;-;1;-;4;4;26
"220900 Rio Grande do Piauí";3;3;-;-;-;1;-;-;11;3;2;-;-;-;-;1;-;1;5;30
"220910 Santa Cruz do Piauí";1;4;1;4;1;1;-;-;14;7;5;-;1;-;-;2;-;-;4;45
"220915 Santa Cruz dos Milagres";-;4;-;2;-;1;-;-;11;3;-;-;-;-;-;2;-;-;2;25
"220920 Santa Filomena";1;3;-;1;-;1;-;-;9;1;3;-;-;-;-;-;-;-;4;23
"220930 Santa Luz";-;4;-;1;-;-;-;-;11;-;-;-;-;-;-;-;-;2;3;21
"220937 Santa Rosa do Piauí";1;1;-;1;1;1;-;-;11;-;2;-;1;1;-;1;-;-;1;22
"220935 Santana do Piauí";2;3;-;8;-;-;-;-;11;-;1;-;-;-;-;-;-;-;2;27
"220940 Santo Antônio de Lisboa";1;3;1;2;-;-;-;-;17;-;1;1;-;1;-;4;-;-;5;36
"220945 Santo Antônio dos Milagres";1;1;-;1;-;-;-;-;4;1;1;-;-;-;-;-;-;-;3;12
"220950 Santo Inácio do Piauí";1;3;-;1;-;-;-;-;8;2;1;-;-;-;-;-;-;1;3;20
"220955 São Braz do Piauí";-;7;-;4;-;-;-;-;5;2;1;-;-;2;-;-;-;-;2;23
"220960 São Félix do Piauí";-;6;-;2;-;1;-;-;11;3;-;-;-;1;-;-;-;2;4;30
"220965 São Francisco de Assis do Piauí";1;3;-;3;1;-;-;-;15;2;1;-;-;1;-;2;-;3;3;35
"220970 São Francisco do Piauí";3;3;-;5;-;-;-;-;16;2;2;-;-;-;-;-;2;3;4;40
"220975 São Gonçalo do Gurguéia";-;-;-;1;1;-;-;-;5;-;-;-;-;1;-;-;-;5;2;15
"220980 São Gonçalo do Piauí";-;1;1;7;-;-;-;-;8;1;-;1;-;1;-;2;-;3;1;26
"220985 São João da Canabrava";2;5;1;2;-;-;-;-;18;1;1;-;-;-;-;-;-;-;2;32
"220987 São João da Fronteira";2;3;1;2;-;-;-;-;11;3;2;-;-;-;-;-;2;1;-;27
"220990 São João da Serra";1;5;2;2;-;1;-;-;19;5;-;-;-;-;-;-;-;-;3;38
"220995 São João da Varjota";2;7;-;6;3;2;-;-;16;-;2;-;-;1;-;-;-;1;3;43
"220997 São João do Arraial";2;4;-;3;-;1;-;-;16;1;1;-;-;1;-;2;2;-;14;47
"221000 São João do Piauí";10;14;3;4;-;1;-;-;37;14;6;-;1;2;1;5;-;4;11;113
"221005 São José do Divino";1;2;-;2;-;-;-;-;6;4;1;-;-;1;-;1;1;1;3;23
"221010 São José do Peixe";1;5;-;1;-;-;-;-;14;3;2;-;-;-;-;-;-;-;1;27
"221020 São José do Piauí";2;2;1;9;1;-;-;-;21;2;2;-;-;-;-;-;-;3;5;48
"221030 São Julião";3;4;-;6;-;2;-;-;25;1;1;-;-;1;-;1;-;2;7;53
"221035 São Lourenço do Piauí";1;4;-;-;-;1;-;-;6;5;-;-;-;-;-;-;-;-;4;21
"221037 São Luis do Piauí";-;1;-;1;-;-;-;-;5;1;1;-;-;-;-;1;-;1;1;12
"221038 São Miguel da Baixa Grande";-;1;-;3;-;-;-;-;4;1;1;-;-;-;-;-;-;1;2;13
"221039 São Miguel do Fidalgo";1;2;-;3;-;-;-;-;6;-;-;-;-;-;-;-;-;-;1;13
"221040 São Miguel do Tapuio";4;5;1;2;-;1;-;-;29;5;4;-;-;1;1;2;1;3;15;74
"221050 São Pedro do Piauí";1;6;-;4;1;-;-;-;25;5;2;-;-;1;-;5;3;7;9;69
"221060 São Raimundo Nonato";9;15;1;15;1;4;-;-;54;16;8;-;1;5;-;9;6;5;16;165
"221062 Sebastião Barros";1;2;-;-;-;-;-;-;4;-;-;-;-;-;-;-;1;3;2;13
"221063 Sebastião Leal";-;2;-;1;-;-;-;-;11;1;-;1;-;-;-;-;-;-;5;21
"221065 Sigefredo Pacheco";1;6;-;3;-;-;-;-;30;1;1;1;1;-;-;1;-;1;5;51
"221070 Simões";2;6;-;5;1;1;-;-;24;1;3;-;-;-;-;3;-;3;5;54
"221080 Simplício Mendes";6;11;-;6;3;2;-;-;32;5;3;-;-;1;-;-;-;7;10;86
"221090 Socorro do Piauí";2;4;-;1;1;-;-;-;13;2;2;-;-;-;-;-;-;1;-;26
"221093 Sussuapara";1;6;-;5;-;2;-;-;15;1;2;-;-;-;-;-;1;2;5;40
"221095 Tamboril do Piauí";-;1;-;-;-;1;-;-;4;1;1;-;-;-;-;-;-;2;-;10
"221097 Tanque do Piauí";-;4;-;-;-;1;-;-;7;-;1;-;-;-;-;-;-;-;2;15
"221100 Teresina";170;777;19;315;43;101;-;2;1346;518;284;10;23;79;8;134;48;47;727;4651
"221110 União";4;20;1;21;2;3;-;-;63;19;11;1;1;-;1;8;1;53;30;239
"221120 Uruçuí";5;20;2;5;2;4;-;-;38;6;5;-;1;1;1;2;-;9;11;112
"221130 Valença do Piauí";2;15;4;12;-;2;-;-;55;8;2;-;2;-;-;-;2;2;14;120
"221135 Várzea Branca";-;2;-;2;1;-;-;-;4;2;-;-;-;-;-;1;1;2;2;17
"221140 Várzea Grande";3;5;-;2;-;3;-;-;13;1;1;-;-;-;-;-;2;8;2;40
"221150 Vera Mendes";1;2;1;3;-;-;-;-;11;1;1;-;-;-;-;-;-;1;7;28
"221160 Vila Nova do Piauí";-;-;-;3;-;-;-;-;5;3;-;-;-;1;-;-;-;-;1;13
"221170 Wall Ferraz";-;2;-;1;-;-;-;-;9;-;-;-;1;-;-;-;-;1;5;19
"220000 Município ignorado - PI";1;-;-;5;-;1;-;-;12;4;1;1;-;2;-;6;1;8;6;48
"230010 Abaiara";2;7;-;1;2;-;-;-;23;5;3;-;-;1;-;-;3;1;10;58
"230015 Acarape";-;12;-;4;1;1;-;-;19;8;5;-;-;2;1;1;4;12;13;83
"230020 Acaraú";8;45;3;39;2;4;-;-;79;30;12;1;-;6;-;11;2;13;53;308
"230030 Acopiara";11;64;3;17;5;6;-;-;111;30;17;1;-;8;-;8;2;27;42;352
"230040 Aiuaba";2;9;1;7;5;1;-;-;30;4;1;-;1;2;-;2;-;3;7;75
"230050 Alcântaras";-;5;-;3;-;1;-;-;18;8;3;-;-;2;1;-;-;5;7;53
"230060 Altaneira";2;3;-;5;-;1;-;-;22;7;2;-;-;-;-;3;-;3;3;51
"230070 Alto Santo";-;13;1;8;1;3;-;-;23;9;2;-;-;1;-;-;-;10;20;91
"230075 Amontada";10;28;1;9;3;5;-;-;71;12;7;2;3;3;-;6;2;17;32;211
"230080 Antonina do Norte";1;5;-;4;1;-;-;-;22;6;2;-;1;1;-;2;-;4;9;58
"230090 Apuiarés";-;6;-;2;-;2;-;-;24;16;2;2;-;2;-;1;-;2;5;64
"230100 Aquiraz";11;52;1;7;6;7;-;-;126;38;17;3;1;6;-;1;5;34;121;436
"230110 Aracati";17;57;7;24;5;7;-;-;97;48;14;-;1;12;-;6;4;17;55;371
"230120 Aracoiaba";9;33;-;7;5;6;-;-;45;18;8;-;2;-;-;4;2;9;19;167
"230125 Ararendá";2;13;-;4;3;1;-;-;34;12;1;1;-;1;-;1;-;6;4;83
"230130 Araripe";6;14;1;10;4;1;-;-;45;9;4;-;1;2;-;-;1;3;24;125
"230140 Aratuba";4;9;1;3;2;2;-;-;27;3;4;-;-;1;1;-;-;-;10;67
"230150 Arneiroz";-;4;-;1;3;-;-;-;19;5;1;-;-;-;-;2;-;1;6;42
"230160 Assaré";5;29;-;10;1;3;-;-;46;16;5;1;-;3;-;2;1;10;16;148
"230170 Aurora";1;25;-;11;7;6;-;-;47;17;7;-;1;5;-;2;-;3;13;145
"230180 Baixio";-;13;-;2;3;-;-;-;22;1;2;-;-;-;-;2;-;1;6;52
"230185 Banabuiú";4;13;-;2;-;2;-;1;25;17;6;-;-;1;-;5;1;13;9;99
"230190 Barbalha";21;69;1;13;4;7;-;-;97;39;21;-;1;10;-;5;5;13;62;368
"230195 Barreira";6;14;-;11;3;9;-;-;27;5;8;2;-;2;-;2;2;6;23;120
"230200 Barro";-;22;-;5;1;4;-;-;34;17;6;-;1;2;-;3;1;13;10;119
"230205 Barroquinha";2;13;1;7;1;3;-;-;29;13;3;-;-;2;1;2;1;5;6;89
"230210 Baturité";7;24;1;16;5;8;-;-;64;12;14;1;2;1;-;6;3;15;34;213
"230220 Beberibe";10;38;1;14;5;2;-;-;72;33;14;4;-;3;-;2;2;9;39;248
"230230 Bela Cruz";4;26;1;12;6;8;-;-;42;10;7;1;-;3;-;3;2;5;22;152
"230240 Boa Viagem";19;42;1;43;3;5;-;-;91;33;7;3;2;8;1;6;3;6;44;317
"230250 Brejo Santo";13;43;2;18;8;5;-;-;75;20;17;-;2;7;1;6;-;10;37;264
"230260 Camocim";22;40;1;30;6;6;-;-;108;28;19;1;-;6;1;9;5;21;27;330
"230270 Campos Sales";10;26;3;3;2;1;-;-;54;18;9;-;-;4;-;3;-;22;18;173
"230280 Canindé";13;71;1;32;4;19;-;-;149;48;20;1;4;12;-;4;3;25;72;478
"230290 Capistrano";2;13;-;9;5;2;-;-;36;9;8;-;-;4;-;2;-;18;14;122
"230300 Caridade";3;17;3;7;3;5;-;-;32;15;5;-;-;5;-;8;1;8;10;122
"230310 Cariré";6;13;-;3;-;1;-;-;22;13;4;-;-;3;-;4;1;26;3;99
"230320 Caririaçu";7;19;2;18;4;2;-;-;57;15;8;-;3;3;1;6;3;7;18;173
"230330 Cariús";5;28;3;6;2;2;-;-;34;15;9;1;1;3;2;3;-;3;13;130
"230340 Carnaubal";2;13;2;21;2;5;-;-;52;10;14;1;-;2;-;4;1;1;16;146
"230350 Cascavel";12;66;4;22;12;2;-;-;145;49;14;-;3;3;1;6;2;8;61;410
"230360 Catarina";3;6;1;4;-;-;-;-;27;5;2;1;-;-;-;1;-;2;10;62
"230365 Catunda";6;9;1;3;1;-;-;-;24;4;1;1;-;3;-;2;-;9;8;72
"230370 Caucaia";65;225;9;82;42;24;1;-;386;186;74;3;7;22;5;44;19;92;387;1673
"230380 Cedro";4;17;-;13;2;8;-;-;52;21;7;-;-;-;1;6;-;13;20;164
"230390 Chaval";6;3;-;5;-;-;-;-;28;7;-;-;-;1;-;1;-;12;5;68
"230393 Choró";1;9;1;7;3;1;-;-;11;6;4;-;-;2;-;4;-;5;4;58
"230395 Chorozinho";3;20;-;5;1;1;-;-;28;10;5;-;-;-;-;1;2;10;24;110
"230400 Coreaú";9;15;-;6;-;1;-;-;23;15;8;-;-;1;-;3;1;15;18;115
"230410 Crateús";21;74;8;54;15;9;-;-;149;60;25;2;-;13;-;13;1;29;63;536
"230420 Crato";33;106;5;73;7;19;-;-;183;71;49;3;3;24;3;20;5;21;115;740
"230423 Croatá";2;12;-;11;2;-;-;-;36;13;7;1;2;2;-;1;2;8;7;106
"230425 Cruz";5;18;-;10;-;1;-;-;48;17;9;2;-;4;-;5;2;4;12;137
"230426 Deputado Irapuan Pinheiro";1;9;2;3;-;1;-;-;38;8;5;-;-;1;1;-;-;2;3;74
"230427 Ererê";3;9;-;1;2;1;-;-;14;3;1;-;-;2;-;-;-;1;7;44
"230428 Eusébio";11;41;-;11;5;6;-;-;63;28;8;-;-;4;3;8;3;17;81;289
"230430 Farias Brito";7;29;2;7;5;2;-;-;39;15;5;1;1;5;1;3;1;2;15;140
"230435 Forquilha";8;22;-;8;1;1;-;-;33;13;4;-;-;4;1;6;-;12;14;127
"230440 Fortaleza";660;2513;40;574;372;413;-;5;3124;1618;665;62;77;295;25;263;114;1126;3335;15281
"230445 Fortim";2;19;-;5;1;2;-;-;22;5;-;-;-;1;-;1;1;6;14;79
"230450 Frecheirinha";4;8;1;4;1;1;-;-;34;21;6;-;-;1;1;5;-;5;15;107
"230460 General Sampaio";1;5;-;2;1;1;-;-;10;5;1;-;-;-;-;1;1;2;6;36
"230465 Graça";3;9;-;4;2;1;-;-;23;15;6;1;-;1;-;3;1;5;9;83
"230470 Granja";19;40;1;11;12;9;-;-;66;29;4;1;2;7;1;11;3;23;16;255
"230480 Granjeiro";1;5;-;3;-;1;-;-;5;1;1;-;-;-;-;-;-;2;1;20
"230490 Groaíras";4;13;-;2;1;-;-;-;18;11;3;-;-;1;-;1;1;6;6;67
"230495 Guaiúba";4;8;-;7;2;1;-;1;25;9;2;1;-;-;-;1;-;16;37;114
"230500 Guaraciaba do Norte";6;26;4;20;13;7;-;-;97;22;12;-;2;2;-;6;-;4;34;255
"230510 Guaramiranga";1;6;-;3;-;-;-;-;13;2;1;-;-;-;-;-;-;3;3;32
"230520 Hidrolândia";8;17;1;17;-;-;-;-;41;14;3;-;1;2;-;4;2;4;14;128
"230523 Horizonte";7;28;1;16;3;6;-;-;63;31;17;-;-;6;-;7;3;35;76;299
"230526 Ibaretama";7;7;-;7;2;3;-;-;12;3;1;2;-;-;1;1;2;6;15;69
"230530 Ibiapina";3;28;-;17;3;4;-;-;54;12;12;1;1;3;-;5;2;-;19;164
"230533 Ibicuitinga";3;15;1;5;1;1;-;-;18;9;3;1;-;3;-;1;2;-;16;79
"230535 Icapuí";3;8;1;6;1;2;-;-;28;7;5;-;1;1;-;4;1;7;6;81
"230540 Icó";16;73;7;31;10;13;-;-;128;34;18;3;2;2;-;7;1;10;57;412
"230550 Iguatu";30;107;6;62;27;23;-;-;192;86;28;5;1;19;2;12;9;2;93;704
"230560 Independência";5;31;-;6;4;5;-;-;69;5;5;1;1;1;1;4;-;-;22;160
"230565 Ipaporanga";1;9;1;12;-;1;-;-;16;10;-;-;-;3;-;2;1;8;3;67
"230570 Ipaumirim";5;13;-;8;1;-;-;-;14;5;2;-;1;2;-;2;-;8;8;69
"230580 Ipu";8;36;3;21;3;4;-;-;99;30;12;1;4;4;1;3;4;17;30;280
"230590 Ipueiras";18;40;5;14;1;2;-;-;116;45;17;2;-;4;2;2;1;-;43;312
"230600 Iracema";2;14;-;8;-;-;-;-;32;8;2;-;-;2;1;1;1;2;13;86
"230610 Irauçuba";1;23;2;4;3;3;-;-;21;18;9;1;2;1;-;2;2;4;17;113
"230620 Itaiçaba";1;8;1;4;2;1;-;-;6;9;4;-;-;-;-;4;3;-;3;46
"230625 Itaitinga";7;39;-;9;3;5;-;-;53;23;4;1;-;2;-;1;-;4;67;218
"230630 Itapagé";8;47;4;30;5;3;-;-;93;22;8;-;1;2;2;8;-;19;40;292
"230640 Itapipoca";40;79;5;45;11;13;-;-;276;46;21;1;7;13;1;11;4;3;87;663
"230650 Itapiúna";2;14;1;9;1;-;-;-;27;16;3;-;-;1;-;2;1;12;13;102
"230655 Itarema";4;26;2;13;3;8;-;-;60;31;7;-;-;3;-;3;2;4;31;197
"230660 Itatira";3;13;1;7;2;3;-;-;39;8;3;-;1;-;1;1;-;13;11;106
"230670 Jaguaretama";6;27;1;6;-;1;-;-;38;11;2;-;-;2;-;1;1;11;18;125
"230680 Jaguaribara";2;6;-;2;1;4;-;-;18;9;1;-;1;1;-;1;-;5;13;64
"230690 Jaguaribe";10;23;1;14;6;4;-;-;73;16;6;-;-;2;-;7;2;9;33;206
"230700 Jaguaruana";5;32;2;21;2;2;-;-;58;31;7;1;1;1;-;1;1;1;53;219
"230710 Jardim";6;28;-;11;4;2;-;-;72;18;7;1;1;1;-;6;-;7;17;181
"230720 Jati";2;8;-;2;-;1;-;-;4;4;1;-;-;-;-;-;-;1;8;31
"230725 Jijoca de Jericoacoara";9;6;-;7;-;2;-;-;19;8;3;-;1;2;-;2;2;2;13;76
"230730 Juazeiro do Norte";50;252;10;104;14;33;-;-;434;175;88;2;7;44;2;74;11;72;245;1617
"230740 Jucás";6;25;-;18;5;1;-;-;52;17;6;-;1;-;-;4;3;10;24;172
"230750 Lavras da Mangabeira";5;34;2;13;4;5;-;-;81;34;13;-;-;3;-;2;1;2;26;225
"230760 Limoeiro do Norte";11;58;4;14;5;8;-;-;115;47;7;1;1;8;-;9;3;5;65;361
"230763 Madalena";2;18;-;10;4;-;-;-;23;9;6;-;2;5;-;3;1;5;11;99
"230765 Maracanaú";55;170;5;62;24;29;-;-;270;102;50;3;2;17;-;28;11;128;295;1251
"230770 Maranguape";22;89;2;57;28;10;-;-;168;59;25;2;1;12;1;7;2;26;103;614
"230780 Marco";6;16;-;8;4;2;-;-;27;11;2;-;-;1;-;2;1;7;21;108
"230790 Martinópole";6;8;2;5;1;-;-;-;13;12;3;-;-;1;-;2;1;10;4;68
"230800 Massapê";8;24;-;19;4;2;-;-;40;33;9;-;-;2;-;4;3;22;21;191
"230810 Mauriti";9;33;-;18;3;-;-;-;77;33;14;1;1;2;1;9;5;5;23;234
"230820 Meruoca";5;5;-;3;4;1;-;1;12;4;6;-;-;4;-;4;-;9;10;68
"230830 Milagres";3;24;2;7;1;1;-;-;41;23;6;1;1;6;-;3;1;1;25;146
"230835 Milhã";4;10;-;11;1;2;-;-;41;-;4;1;1;1;-;2;1;3;10;92
"230837 Miraíma";5;6;1;4;-;-;-;-;14;8;1;-;-;6;-;7;-;2;5;59
"230840 Missão Velha";7;27;1;11;1;6;-;-;81;19;14;1;3;1;-;8;2;15;49;246
"230850 Mombaça";3;35;1;16;5;2;-;-;92;41;17;-;-;2;-;5;-;28;49;296
"230860 Monsenhor Tabosa";3;16;1;6;2;3;-;-;35;10;3;1;1;4;-;3;1;8;10;107
"230870 Morada Nova";12;68;2;23;16;16;-;-;128;40;8;1;1;9;2;3;2;23;86;440
"230880 Moraújo";-;8;-;4;-;3;-;-;21;6;2;-;-;-;-;3;-;1;5;53
"230890 Morrinhos";-;9;-;5;1;-;-;-;28;15;4;-;-;1;-;5;-;2;19;89
"230900 Mucambo";6;12;1;12;2;1;-;-;43;13;8;-;1;2;-;2;-;1;16;120
"230910 Mulungu";1;9;-;2;4;3;-;-;15;7;1;-;1;-;-;3;-;5;10;61
"230920 Nova Olinda";5;10;-;6;2;-;-;-;36;7;3;-;-;1;-;-;2;3;19;94
"230930 Nova Russas";6;26;1;10;13;2;-;-;88;12;13;-;-;4;-;4;1;12;20;212
"230940 Novo Oriente";9;27;2;17;3;2;-;-;51;15;7;-;1;1;1;9;-;8;33;186
"230945 Ocara";-;24;-;10;5;2;-;-;42;16;6;1;-;5;-;2;1;3;20;137
"230950 Orós";5;29;-;10;1;3;-;-;62;15;8;-;2;-;-;2;1;6;23;167
"230960 Pacajus";13;31;1;19;9;4;-;-;80;31;12;4;1;5;-;6;1;29;60;306
"230970 Pacatuba";8;41;-;8;10;7;-;-;57;27;8;1;2;9;-;6;1;28;65;278
"230980 Pacoti";1;12;-;5;2;1;-;-;18;4;5;-;-;3;-;-;-;13;11;75
"230990 Pacujá";1;9;-;2;-;1;-;-;13;6;-;-;1;1;-;1;-;6;1;42
"231000 Palhano";2;9;-;4;1;1;-;-;16;4;1;-;-;-;-;-;-;5;10;53
"231010 Palmácia";2;5;1;5;2;2;-;-;28;4;2;-;-;-;-;1;-;4;9;65
"231020 Paracuru";6;22;-;7;2;7;-;-;59;19;10;-;1;-;2;3;3;7;36;184
"231025 Paraipaba";3;13;-;6;3;1;-;-;32;18;7;1;1;3;1;5;-;10;35;139
"231030 Parambu";2;19;-;13;-;5;-;-;55;12;10;-;1;9;1;2;-;10;21;160
"231040 Paramoti";2;15;-;3;3;4;-;-;31;5;1;-;-;-;-;1;-;4;2;71
"231050 Pedra Branca";4;37;3;23;6;7;-;1;88;12;10;-;-;4;-;4;1;31;56;287
"231060 Penaforte";3;4;-;1;-;1;-;-;18;6;2;-;-;-;-;2;1;1;4;43
"231070 Pentecoste";7;43;1;16;1;6;-;-;56;25;11;-;2;3;2;4;2;5;59;243
"231080 Pereiro";6;18;1;9;2;1;-;-;44;5;2;-;-;1;-;2;1;3;12;107
"231085 Pindoretama";3;24;1;3;2;-;-;-;39;16;2;-;-;1;-;2;1;6;18;118
"231090 Piquet Carneiro";2;21;1;8;3;1;-;-;39;14;4;1;-;3;-;2;1;2;11;113
"231095 Pires Ferreira";1;14;-;5;-;1;-;-;23;4;8;-;-;2;-;-;1;1;1;61
"231100 Poranga";-;18;2;2;2;3;-;-;30;2;5;-;-;1;-;1;-;2;7;75
"231110 Porteiras";3;19;1;6;3;1;-;-;36;8;5;1;-;2;-;4;-;-;10;99
"231120 Potengi";2;6;-;1;1;1;-;-;30;6;1;-;-;1;-;2;1;2;8;62
"231123 Potiretama";-;6;-;1;-;-;-;-;7;3;1;-;1;-;-;-;1;1;7;28
"231126 Quiterianópolis";6;11;1;4;1;1;-;-;42;10;5;-;-;2;-;3;1;13;15;115
"231130 Quixadá";26;86;3;25;9;10;-;-;130;51;23;4;1;13;3;17;7;61;87;556
"231135 Quixelô";6;20;1;7;1;3;-;-;42;16;5;-;-;1;-;3;-;12;11;128
"231140 Quixeramobim";18;77;2;29;13;17;-;-;120;48;27;4;-;12;-;7;3;20;61;458
"231150 Quixeré";5;17;-;4;2;3;-;-;25;16;7;2;-;3;-;1;-;7;43;135
"231160 Redenção";9;24;2;19;3;4;-;-;56;25;7;1;-;3;1;5;2;9;32;202
"231170 Reriutaba";2;16;-;-;1;3;-;-;49;19;10;-;-;2;-;4;-;8;15;129
"231180 Russas";17;63;5;29;8;6;-;-;108;40;10;1;1;5;-;6;4;22;94;419
"231190 Saboeiro";3;20;-;8;1;1;-;-;21;4;6;2;-;-;-;1;-;11;13;91
"231195 Salitre";1;12;-;4;-;2;-;-;23;12;3;-;-;2;1;3;1;3;19;86
"231220 Santa Quitéria";15;30;1;15;1;2;-;-;95;31;8;-;-;7;-;5;3;21;39;273
"231200 Santana do Acaraú";9;23;1;4;2;1;-;-;38;24;8;2;-;1;1;6;2;40;12;174
"231210 Santana do Cariri";2;21;1;5;-;4;-;-;30;12;6;-;-;2;1;3;-;4;21;112
"231230 São Benedito";9;50;-;32;6;2;-;-;116;30;14;1;1;5;1;10;6;1;47;331
"231240 São Gonçalo do Amarante";4;36;-;9;7;7;-;-;79;22;5;-;1;5;-;11;2;7;64;259
"231250 São João do Jaguaribe";1;12;-;1;1;4;-;-;23;16;4;1;-;2;-;-;-;3;17;85
"231260 São Luís do Curu";4;9;-;3;1;1;-;-;22;3;5;-;-;1;-;1;1;7;11;69
"231270 Senador Pompeu";11;33;1;18;4;9;-;-;70;20;9;1;-;2;-;2;3;5;38;226
"231280 Senador Sá";3;4;-;1;-;-;-;-;12;4;1;-;-;-;2;1;-;3;1;32
"231290 Sobral";52;151;7;51;15;28;-;-;186;166;58;5;2;31;3;36;13;125;196;1125
"231300 Solonópole";4;11;-;11;2;3;-;-;40;8;7;1;-;-;-;1;-;6;20;114
"231310 Tabuleiro do Norte";2;50;2;11;2;2;-;-;67;25;4;-;1;6;-;6;1;3;61;243
"231320 Tamboril";11;31;-;4;3;5;-;-;54;20;1;-;1;3;-;3;1;24;17;178
"231325 Tarrafas";1;7;-;8;-;2;-;-;13;4;1;-;1;-;-;2;1;1;5;46
"231330 Tauá";14;63;4;20;5;11;-;-;137;19;17;2;-;5;1;4;1;13;44;360
"231335 Tejuçuoca";3;17;1;7;1;2;-;-;21;15;2;1;1;-;-;3;-;7;9;90
"231340 Tianguá";12;51;2;27;15;5;-;-;115;36;16;1;1;7;-;13;4;1;59;365
"231350 Trairi";10;31;1;7;6;4;-;-;62;21;7;-;-;4;-;4;4;20;33;214
"231355 Tururu";5;7;-;3;1;1;-;-;19;4;1;-;-;2;-;-;-;17;14;74
"231360 Ubajara";2;35;2;16;3;2;-;-;56;25;8;-;-;2;2;1;-;-;30;184
"231370 Umari";3;7;2;5;-;2;-;-;16;1;3;-;-;-;-;2;1;2;4;48
"231375 Umirim";7;11;-;1;3;2;-;-;20;2;4;-;-;3;-;4;1;12;14;84
"231380 Uruburetama";7;19;-;9;4;1;-;-;37;17;5;-;-;3;-;3;2;11;14;132
"231390 Uruoca";3;6;-;5;-;2;-;-;24;11;1;-;2;1;-;-;-;3;10;68
"231395 Varjota";8;20;1;6;1;3;-;-;40;14;8;2;-;2;1;2;2;7;25;142
"231400 Várzea Alegre";9;37;-;15;1;14;-;-;90;22;10;2;-;2;-;2;4;21;24;253
"231410 Viçosa do Ceará";9;34;2;16;10;1;-;-;113;31;15;2;-;8;-;8;2;7;50;308
"230000 Município ignorado - CE";-;-;-;-;-;-;-;-;-;1;-;1;-;-;-;-;-;-;1;3
"240010 Acari";3;13;1;8;1;2;-;-;22;6;-;-;-;3;-;2;1;2;7;71
"240020 Açu";11;41;1;30;1;9;-;-;72;26;9;2;1;6;-;6;3;6;50;274
"240030 Afonso Bezerra";4;7;-;10;1;1;-;-;19;5;2;-;1;-;-;4;-;1;12;67
"240040 Água Nova";-;4;-;2;-;-;-;-;7;-;-;-;-;-;-;-;-;-;3;16
"240050 Alexandria";10;11;1;4;1;2;-;-;39;6;4;-;-;2;-;3;-;1;11;95
"240060 Almino Afonso";3;3;-;1;-;-;-;-;11;4;1;-;-;3;-;-;1;2;4;33
"240070 Alto do Rodrigues";1;7;-;13;-;2;-;-;17;9;1;-;-;1;-;1;2;6;11;71
"240080 Angicos";3;13;1;8;5;3;-;-;15;7;2;-;-;3;-;1;-;2;6;69
"240090 Antônio Martins";1;6;-;2;-;4;-;-;10;5;1;-;-;1;-;1;-;5;15;51
"240100 Apodi";10;25;2;20;2;4;-;-;71;21;6;2;-;3;1;2;-;3;30;202
"240110 Areia Branca";6;19;3;13;1;4;-;-;40;17;12;-;3;2;-;6;1;19;17;163
"240120 Arês";-;14;-;8;-;-;-;-;26;4;7;-;-;2;-;2;2;1;9;75
"240130 Augusto Severo";-;11;1;6;4;1;-;-;13;6;2;-;-;-;-;-;-;4;8;56
"240140 Baía Formosa";-;4;-;2;-;-;-;-;15;2;2;-;-;1;1;3;-;-;2;32
"240145 Baraúna";-;9;-;9;1;1;-;-;34;14;13;-;1;2;-;3;2;8;43;140
"240150 Barcelona";-;3;-;6;-;-;-;-;14;2;1;-;-;1;-;-;-;-;2;29
"240160 Bento Fernandes";1;2;-;2;-;-;-;-;5;3;-;-;-;-;-;1;-;-;3;17
"240165 Bodó";1;-;-;1;1;1;-;-;8;1;-;-;-;-;-;-;-;-;-;13
"240170 Bom Jesus";2;8;-;8;2;-;-;-;24;6;3;-;-;2;-;1;-;3;7;66
"240180 Brejinho";3;8;-;15;-;1;-;-;29;4;1;-;-;2;-;1;-;1;5;70
"240185 Caiçara do Norte";-;5;-;4;-;-;-;-;6;-;-;-;-;-;-;-;-;-;1;16
"240190 Caiçara do Rio do Vento";-;4;-;1;-;-;-;-;9;1;1;-;-;1;-;-;-;-;3;20
"240200 Caicó";9;51;4;36;4;11;-;-;109;28;21;1;2;14;1;9;2;65;33;400
"240210 Campo Redondo";-;12;-;11;2;2;-;-;27;3;3;-;-;1;-;2;1;2;3;69
"240220 Canguaretama";7;19;1;22;1;3;-;-;46;14;10;-;-;5;-;3;4;5;16;156
"240230 Caraúbas";4;19;-;15;2;3;-;-;39;22;6;-;-;3;-;2;3;5;18;141
"240240 Carnaúba dos Dantas";1;3;-;1;1;-;-;-;12;7;1;-;-;1;-;2;-;1;4;34
"240250 Carnaubais";2;5;-;5;-;1;-;-;16;5;5;-;-;1;-;2;2;3;13;60
"240260 Ceará-Mirim";16;61;6;48;4;8;-;-;114;30;28;5;1;4;-;10;7;13;73;428
"240270 Cerro Corá";2;9;3;4;-;1;-;-;18;7;2;1;-;1;-;1;1;7;7;64
"240280 Coronel Ezequiel";-;1;-;3;-;-;-;-;9;2;5;-;-;1;-;-;-;5;4;30
"240290 Coronel João Pessoa";-;3;-;5;2;1;-;-;17;2;3;-;1;-;-;-;-;-;2;36
"240300 Cruzeta";1;9;-;4;2;1;-;-;19;7;2;-;-;3;-;1;1;1;6;57
"240310 Currais Novos";8;52;2;33;-;9;-;-;77;31;12;1;-;6;1;6;1;25;21;285
"240320 Doutor Severiano";2;9;-;6;1;-;-;-;16;2;-;-;-;-;-;1;1;-;2;40
"240330 Encanto";1;6;1;4;-;-;-;-;12;4;4;-;-;-;-;1;-;2;4;39
"240340 Equador";-;3;-;3;-;2;-;-;12;5;1;-;-;1;-;-;-;-;3;30
"240350 Espírito Santo";2;5;-;8;-;2;-;-;13;3;2;-;-;1;1;2;1;10;9;59
"240360 Extremoz";6;21;2;14;-;5;-;-;48;15;10;1;1;6;-;7;-;4;28;168
"240370 Felipe Guerra";1;9;-;4;-;2;-;-;10;1;1;-;-;-;-;1;-;-;3;32
"240375 Fernando Pedroza";1;1;-;1;-;-;-;-;1;3;1;-;-;1;-;-;-;1;2;12
"240380 Florânia";2;8;-;9;1;2;-;-;29;9;2;-;-;1;-;-;1;1;3;68
"240390 Francisco Dantas";-;1;-;1;-;-;-;-;1;-;3;-;-;1;-;1;-;4;2;14
"240400 Frutuoso Gomes";-;5;1;1;1;1;-;-;7;-;2;-;-;1;-;-;-;2;4;25
"240410 Galinhos";-;-;-;2;-;1;-;-;4;1;1;-;-;1;-;-;-;-;-;10
"240420 Goianinha";6;20;2;15;3;5;-;-;33;8;7;1;1;2;-;4;-;1;14;122
"240430 Governador Dix-Sept Rosado";2;10;-;6;2;1;-;-;28;10;3;1;1;1;-;1;2;2;16;86
"240440 Grossos";2;9;-;2;1;1;-;-;13;4;-;-;-;1;-;-;-;7;9;49
"240450 Guamaré";1;9;-;11;1;1;-;-;18;7;4;1;-;3;-;2;-;1;6;65
"240460 Ielmo Marinho";2;12;1;5;-;1;-;-;22;4;1;-;1;2;-;3;-;-;8;62
"240470 Ipanguaçu";3;6;-;5;-;-;-;-;19;5;3;-;1;1;1;3;-;3;11;61
"240480 Ipueira";-;3;-;2;-;1;-;-;4;1;-;-;1;1;-;1;-;-;1;15
"240485 Itajá";1;9;-;1;-;-;-;-;5;2;-;-;-;-;-;1;-;-;5;24
"240490 Itaú";-;6;-;5;1;-;-;-;13;4;2;-;-;1;-;-;1;1;7;41
"240500 Jaçanã";1;4;-;5;1;1;-;-;33;5;2;-;-;1;-;5;-;6;1;65
"240510 Jandaíra";2;4;-;8;1;-;-;-;16;2;4;-;-;1;-;1;-;-;5;44
"240520 Janduís";2;4;-;1;1;-;-;-;19;6;3;-;-;1;-;-;1;1;7;46
"240530 Januário Cicco";3;8;-;3;-;-;-;-;12;4;3;-;-;-;-;2;1;1;6;43
"240540 Japi";4;5;-;2;-;2;-;-;11;-;-;-;-;-;-;1;-;2;4;31
"240550 Jardim de Angicos";1;1;-;-;-;-;-;-;3;1;-;-;-;-;-;-;-;-;2;8
"240560 Jardim de Piranhas";1;19;1;12;1;1;-;-;38;8;7;-;-;2;-;4;-;-;3;97
"240570 Jardim do Seridó";9;15;1;8;-;1;-;-;22;14;8;-;-;8;-;-;-;2;9;97
"240580 João Câmara";7;24;1;15;2;1;-;-;64;16;8;-;1;6;-;7;4;8;29;193
"240590 João Dias";-;-;-;-;-;-;-;-;9;-;1;-;-;-;-;1;-;1;2;14
"240600 José da Penha";3;5;-;9;-;2;-;-;26;6;4;-;-;-;-;2;-;-;9;66
"240610 Jucurutu";4;26;-;5;2;2;-;-;42;11;3;-;-;4;-;2;-;13;10;124
"240615 Jundiá";-;7;1;3;-;-;-;-;12;1;-;-;-;2;-;1;1;-;2;30
"240620 Lagoa d'Anta";-;5;-;3;-;-;-;-;14;3;1;-;-;2;-;-;1;3;2;34
"240630 Lagoa de Pedras";4;1;-;3;-;-;-;-;20;4;3;-;-;-;-;-;-;1;4;40
"240640 Lagoa de Velhos";1;1;-;3;-;-;-;-;5;1;-;-;-;-;-;1;-;-;-;12
"240650 Lagoa Nova";3;14;-;8;1;3;-;-;29;12;7;-;-;5;-;1;1;1;8;93
"240660 Lagoa Salgada";-;7;-;3;-;-;-;-;12;5;3;-;-;1;-;-;-;1;6;38
"240670 Lajes";3;8;-;12;-;3;-;1;5;7;3;-;-;1;-;1;-;-;10;54
"240680 Lajes Pintadas";1;6;-;6;1;1;-;-;9;6;1;-;1;-;-;-;-;-;3;35
"240690 Lucrécia";-;6;-;1;1;-;-;-;9;-;1;-;-;-;-;2;-;-;3;23
"240700 Luís Gomes";2;11;1;5;-;3;-;-;15;8;5;-;-;2;-;1;-;1;4;58
"240710 Macaíba";14;59;2;47;2;11;-;-;130;28;16;1;-;8;-;15;2;8;120;463
"240720 Macau";8;16;2;5;1;1;-;-;29;13;4;-;1;1;-;4;1;2;12;100
"240725 Major Sales";-;5;-;1;1;1;-;-;12;2;-;-;-;1;-;-;-;2;2;27
"240730 Marcelino Vieira";2;7;1;2;2;1;-;-;19;7;4;-;-;1;-;-;-;-;5;51
"240740 Martins";3;6;1;13;2;-;-;-;19;3;4;-;1;-;1;-;-;1;5;59
"240750 Maxaranguape";-;7;-;2;-;-;-;-;13;3;1;-;-;1;-;3;1;1;7;39
"240760 Messias Targino";-;4;1;5;-;-;-;-;4;4;3;-;-;-;-;-;-;1;8;30
"240770 Montanhas";5;9;2;6;1;-;-;-;29;8;6;1;-;-;-;4;2;4;5;82
"240780 Monte Alegre";-;11;1;13;1;1;-;-;39;4;7;1;-;2;-;4;1;5;17;107
"240790 Monte das Gameleiras";1;1;-;4;1;-;-;-;10;2;2;-;-;-;-;-;-;1;1;23
"240800 Mossoró";60;238;18;164;24;45;-;-;297;171;75;4;1;42;-;35;8;46;295;1523
"240810 Natal";218;884;16;385;64;141;-;2;1243;516;322;32;13;152;5;86;46;107;743;4975
"240820 Nísia Floresta";4;17;1;17;1;-;-;-;27;6;7;-;-;3;1;3;-;3;29;119
"240830 Nova Cruz";6;26;1;20;3;5;-;-;99;20;7;-;1;6;1;3;-;22;30;250
"240840 Olho-d'Água do Borges";1;5;-;4;1;3;-;-;12;5;2;-;-;4;-;2;-;1;4;44
"240850 Ouro Branco";1;5;-;3;1;-;-;-;6;4;-;-;-;1;-;1;-;2;5;29
"240860 Paraná";1;9;-;1;-;-;-;-;12;3;1;-;-;1;-;-;-;-;2;30
"240870 Paraú";2;2;-;3;-;-;-;-;3;3;3;1;-;-;-;-;-;2;4;23
"240880 Parazinho";-;4;-;3;1;1;-;-;10;1;5;-;-;-;-;-;1;-;5;31
"240890 Parelhas";5;22;-;12;1;3;-;-;47;11;7;5;-;10;-;5;1;3;15;147
"240325 Parnamirim";28;195;5;83;4;20;-;-;235;75;54;3;3;27;2;39;8;11;174;966
"240910 Passa e Fica";3;10;-;8;2;1;-;-;17;8;2;-;-;3;-;4;2;4;6;70
"240920 Passagem";-;2;-;2;1;2;-;-;5;1;1;-;-;-;-;1;-;-;2;17
"240930 Patu";4;15;1;11;2;2;-;-;38;5;7;-;-;-;-;3;1;8;17;114
"240940 Pau dos Ferros";5;25;1;13;3;5;-;-;39;22;14;-;-;5;-;2;-;6;14;154
"240950 Pedra Grande";1;3;-;5;-;1;-;-;2;2;1;-;-;1;-;2;1;2;1;22
"240960 Pedra Preta";3;2;-;4;-;1;-;-;4;-;2;-;-;1;-;1;-;-;-;18
"240970 Pedro Avelino";1;5;-;1;-;1;-;-;9;1;2;-;-;-;-;-;-;-;1;21
"240980 Pedro Velho";5;22;1;9;1;4;-;-;37;9;6;-;-;2;-;1;3;6;9;115
"240990 Pendências";4;10;1;13;3;5;-;-;19;6;6;-;2;-;-;-;1;6;17;93
"241000 Pilões";-;2;-;-;2;-;-;-;4;4;-;-;-;1;-;-;-;-;4;17
"241010 Poço Branco";5;9;1;4;-;-;-;-;15;3;3;-;-;4;1;-;1;-;3;49
"241020 Portalegre";2;7;2;11;-;1;-;-;23;1;2;-;-;-;-;1;1;1;7;59
"241025 Porto do Mangue";-;4;1;6;2;-;-;-;9;7;1;-;-;-;-;-;-;4;5;39
"241040 Pureza";4;2;-;1;-;1;-;-;10;-;3;-;-;-;-;-;-;1;3;25
"241050 Rafael Fernandes";2;5;-;1;-;-;-;-;9;6;1;-;-;-;-;-;-;2;3;29
"241060 Rafael Godeiro";1;3;1;-;-;1;-;-;3;3;-;-;-;-;-;-;-;5;3;20
"241070 Riacho da Cruz";-;2;-;2;-;-;-;-;10;1;1;-;-;-;2;1;-;-;4;23
"241080 Riacho de Santana";3;6;1;2;1;1;-;-;14;5;1;-;-;-;-;-;-;-;4;38
"241090 Riachuelo";1;4;-;3;-;1;-;-;11;6;2;-;-;-;1;1;-;-;2;32
"240895 Rio do Fogo";-;6;1;8;-;4;-;-;12;3;1;-;-;3;-;3;-;3;5;49
"241100 Rodolfo Fernandes";3;1;-;4;1;3;-;-;18;2;3;1;-;1;-;1;-;-;2;40
"241110 Ruy Barbosa";1;3;-;2;-;-;-;-;6;3;-;-;-;-;-;1;-;-;-;16
"241120 Santa Cruz";15;34;4;22;1;4;-;-;74;23;9;1;1;7;-;6;1;14;42;258
"240933 Santa Maria";2;5;-;1;-;-;-;-;8;1;-;-;-;-;-;1;-;-;1;19
"241140 Santana do Matos";6;10;-;4;1;-;-;-;28;13;2;1;1;-;-;1;2;6;4;79
"241142 Santana do Seridó";-;2;-;-;-;-;-;-;4;4;-;-;-;1;-;-;-;1;-;12
"241150 Santo Antônio";5;18;2;11;2;3;-;-;42;9;7;1;-;2;-;4;1;7;18;132
"241160 São Bento do Norte";-;3;-;1;-;1;-;-;1;2;-;-;-;-;-;-;-;-;1;9
"241170 São Bento do Trairí";1;2;-;2;-;1;-;-;5;1;-;-;-;-;-;-;-;-;1;13
"241180 São Fernando";-;1;-;3;-;-;-;-;4;2;1;-;-;-;-;-;-;-;2;13
"241190 São Francisco do Oeste";-;6;1;1;1;1;-;-;2;5;1;-;1;-;-;-;-;-;7;26
"241200 São Gonçalo do Amarante";14;63;5;45;3;9;-;-;134;32;27;2;2;9;1;13;5;17;102;483
"241210 São João do Sabugi";2;16;-;3;1;-;-;-;17;4;1;-;1;1;-;-;-;1;2;49
"241220 São José de Mipibu";7;30;2;34;-;6;-;-;60;14;14;2;2;1;-;5;2;12;64;255
"241230 São José do Campestre";3;7;1;8;2;1;-;-;23;9;3;-;1;1;-;2;1;3;7;72
"241240 São José do Seridó";-;4;1;1;-;1;-;-;11;4;2;-;-;-;-;2;-;-;3;29
"241250 São Miguel";7;14;2;15;2;2;-;-;73;22;9;-;-;5;-;4;-;4;18;177
"241255 São Miguel do Gostoso";2;5;-;2;1;1;-;-;13;3;1;-;-;1;-;-;1;3;3;36
"241260 São Paulo do Potengi";4;14;2;16;-;1;-;-;26;4;6;1;-;-;-;4;1;3;7;89
"241270 São Pedro";-;3;-;3;-;-;-;-;5;2;-;-;-;-;-;-;-;1;2;16
"241280 São Rafael";1;8;-;3;-;1;-;-;6;9;2;-;-;3;-;-;-;1;4;38
"241290 São Tomé";2;14;1;11;1;1;-;-;36;10;3;1;-;1;-;2;-;3;12;98
"241300 São Vicente";1;3;-;5;-;-;-;-;13;6;4;-;-;-;-;3;-;-;3;38
"241310 Senador Elói de Souza";2;6;-;3;2;2;-;-;13;1;2;-;-;1;-;-;-;1;5;38
"241320 Senador Georgino Avelino";-;2;-;1;-;-;-;-;10;1;3;-;-;1;-;-;1;-;3;22
"241030 Serra Caiada";3;6;-;5;-;2;-;-;17;3;1;-;-;1;-;-;1;4;10;53
"241330 Serra de São Bento";1;2;-;2;-;-;-;-;16;3;6;-;-;-;-;-;-;-;6;36
"241335 Serra do Mel";2;6;1;3;1;-;-;-;17;7;1;-;-;1;-;-;-;4;10;53
"241340 Serra Negra do Norte";2;6;-;4;2;1;-;-;19;2;3;-;-;-;-;1;-;1;2;43
"241350 Serrinha";-;3;-;6;-;1;-;-;9;1;-;-;-;-;-;-;-;-;4;24
"241355 Serrinha dos Pintos";4;4;3;1;3;-;-;-;15;2;2;-;-;-;-;1;-;-;4;39
"241360 Severiano Melo";3;6;-;2;-;2;-;-;8;5;1;-;-;-;-;-;-;2;7;36
"241370 Sítio Novo";-;4;-;2;-;1;-;-;14;4;2;-;-;1;-;-;-;3;6;37
"241380 Taboleiro Grande";-;3;-;1;-;1;-;-;2;2;1;-;-;1;-;2;-;-;3;16
"241390 Taipu";3;5;-;7;1;1;-;-;16;2;4;1;1;4;-;2;-;1;9;57
"241400 Tangará";2;10;-;8;-;2;-;1;34;5;2;-;-;2;-;2;1;-;9;78
"241410 Tenente Ananias";1;13;-;2;-;1;-;-;17;7;2;-;1;1;1;-;-;3;7;56
"241415 Tenente Laurentino Cruz";1;4;-;-;-;-;-;-;5;2;2;-;-;1;-;-;-;-;2;17
"241105 Tibau";-;4;-;2;-;-;-;-;3;2;-;1;-;1;-;-;-;3;2;18
"241420 Tibau do Sul";3;9;-;7;1;1;-;-;13;6;3;-;-;-;-;1;-;-;4;48
"241430 Timbaúba dos Batistas";1;2;-;1;-;1;-;-;6;1;1;-;1;2;-;-;-;-;-;16
"241440 Touros";4;16;1;10;1;2;-;-;40;21;11;-;1;3;-;6;1;5;14;136
"241445 Triunfo Potiguar";2;2;1;-;-;-;-;-;2;1;-;-;-;-;-;-;-;-;1;9
"241450 Umarizal";2;11;-;7;1;1;-;-;19;9;2;1;1;1;-;1;1;8;14;79
"241460 Upanema";3;13;1;10;1;-;-;-;10;13;4;-;-;1;-;3;-;6;8;73
"241470 Várzea";-;6;-;6;1;-;-;-;12;1;2;-;-;2;-;-;-;2;3;35
"241475 Venha-Ver";-;-;-;3;-;-;-;-;12;2;-;-;-;-;-;-;-;-;3;20
"241480 Vera Cruz";3;11;1;4;1;-;-;-;26;4;3;-;-;2;-;1;2;1;7;66
"241490 Viçosa";1;1;-;1;-;2;-;-;3;-;1;-;-;-;-;-;-;-;-;9
"241500 Vila Flor";1;1;-;1;-;1;-;-;3;1;1;1;-;-;-;-;-;-;1;11
"240000 Município ignorado - RN";1;1;-;-;-;-;-;-;1;-;-;-;-;-;-;-;-;-;1;4
"250010 Água Branca";4;4;1;-;-;1;-;-;20;3;3;-;-;2;-;1;-;18;5;62
"250020 Aguiar";2;9;-;-;1;1;-;-;14;6;1;-;-;1;-;-;1;3;3;42
"250030 Alagoa Grande";5;29;1;33;3;6;-;-;81;22;13;1;-;13;-;4;2;19;27;259
"250040 Alagoa Nova";4;16;-;10;2;-;-;-;47;8;8;-;-;3;-;4;1;25;14;142
"250050 Alagoinha";3;7;1;9;1;2;-;-;36;7;4;-;2;3;-;2;1;10;10;98
"250053 Alcantil";-;8;-;1;1;2;-;-;14;6;-;-;-;-;-;2;-;17;6;57
"250057 Algodão de Jandaíra";-;1;-;-;-;-;-;-;4;-;1;-;1;-;-;2;-;-;3;12
"250060 Alhandra";9;19;1;11;2;4;-;-;30;7;4;1;-;2;-;3;2;5;23;123
"250073 Amparo";1;1;-;-;-;-;-;-;5;-;1;-;-;-;-;-;-;2;1;11
"250077 Aparecida";3;5;1;4;-;-;-;-;11;9;3;-;-;3;-;1;-;4;4;48
"250080 Araçagi";5;13;-;17;3;2;-;-;55;5;11;1;1;1;-;4;-;1;9;128
"250090 Arara";7;17;1;27;1;3;-;-;41;7;4;-;1;-;-;-;-;3;13;125
"250100 Araruna";-;14;-;3;-;-;-;-;33;8;7;1;-;2;2;2;-;9;18;99
"250110 Areia";3;20;1;22;1;1;-;-;58;7;7;-;-;3;-;6;1;20;10;160
"250115 Areia de Baraúnas";-;1;-;1;-;-;-;-;1;2;1;-;-;-;-;-;-;-;2;8
"250120 Areial";1;7;1;3;-;1;-;-;6;2;6;-;1;-;-;1;-;3;-;32
"250130 Aroeiras";5;14;3;8;-;-;-;-;42;13;7;1;1;-;-;1;1;14;12;122
"250135 Assunção";-;5;-;-;-;2;-;-;4;3;1;-;-;1;-;-;-;3;-;19
"250140 Baía da Traição";1;3;-;6;1;-;-;-;14;1;2;-;-;-;-;3;-;1;8;40
"250150 Bananeiras";4;20;-;15;2;2;-;-;48;16;12;-;-;1;-;2;3;6;15;146
"250153 Baraúna";-;6;-;3;-;-;-;-;7;1;1;-;-;-;-;-;-;-;2;20
"250160 Barra de Santa Rosa";1;13;1;4;1;2;-;-;27;8;8;-;1;2;-;2;-;5;4;79
"250157 Barra de Santana";2;10;-;4;-;1;-;-;26;3;4;-;-;3;-;-;-;3;5;61
"250170 Barra de São Miguel";-;4;-;6;1;-;-;-;9;3;-;-;-;1;-;1;1;3;3;32
"250180 Bayeux";22;80;4;51;2;6;-;-;185;66;31;3;3;13;1;13;6;17;106;609
"250190 Belém";2;15;-;14;2;-;-;-;68;11;6;-;1;3;-;2;-;10;16;150
"250200 Belém do Brejo do Cruz";-;4;-;5;-;1;-;-;7;2;3;-;-;1;-;1;-;2;4;30
"250205 Bernardino Batista";-;2;-;1;-;-;-;-;6;4;1;-;-;1;-;1;-;5;3;24
"250210 Boa Ventura";1;1;-;1;-;-;-;-;9;2;-;-;-;-;-;1;-;7;-;22
"250215 Boa Vista";2;9;-;1;-;2;-;-;26;4;2;-;-;1;1;-;-;5;3;56
"250220 Bom Jesus";-;1;-;1;-;1;-;-;7;3;3;1;1;1;-;1;-;2;2;24
"250230 Bom Sucesso";-;4;-;2;-;-;-;-;12;3;-;-;-;1;-;-;-;4;-;26
"250240 Bonito de Santa Fé";2;8;1;3;1;-;-;-;17;7;5;1;-;3;1;4;1;1;8;63
"250250 Boqueirão";3;7;-;7;1;-;-;-;33;9;4;1;-;1;-;-;-;18;11;95
"250270 Borborema";-;6;-;6;1;1;-;-;11;2;2;-;-;1;-;1;1;-;2;34
"250280 Brejo do Cruz";2;15;-;7;-;1;-;-;28;9;2;-;-;2;-;-;3;3;15;87
"250290 Brejo dos Santos";6;4;-;-;1;2;-;-;14;1;-;-;-;1;-;-;-;3;13;45
"250300 Caaporã";5;8;-;13;-;1;-;-;38;6;7;1;2;3;-;4;2;11;18;119
"250310 Cabaceiras";-;8;1;4;-;-;-;-;14;5;1;-;-;-;-;1;2;4;4;44
"250320 Cabedelo";11;60;-;18;4;11;-;-;98;38;13;1;2;11;-;7;4;5;66;349
"250330 Cachoeira dos Índios";2;14;-;1;-;-;-;-;15;7;6;-;-;2;-;1;-;3;3;54
"250340 Cacimba de Areia";-;3;-;1;-;-;-;-;2;1;-;-;-;1;-;1;-;4;1;14
"250350 Cacimba de Dentro";4;17;-;10;-;1;-;-;33;3;2;-;-;1;-;1;-;14;9;95
"250355 Cacimbas";1;2;-;1;-;1;-;-;12;4;1;-;-;1;-;2;1;11;4;41
"250360 Caiçara";3;6;1;10;-;1;-;-;13;5;3;-;-;-;-;1;-;2;4;49
"250370 Cajazeiras";18;49;3;33;-;7;-;-;73;59;21;3;-;10;1;12;3;111;43;446
"250375 Cajazeirinhas";1;4;-;-;-;-;-;-;3;2;1;-;-;-;1;-;-;-;-;12
"250380 Caldas Brandão";-;3;-;2;-;1;-;-;6;1;1;-;-;-;-;1;1;-;3;19
"250390 Camalaú";1;10;2;8;-;-;-;-;10;2;2;-;-;1;-;-;-;1;5;42
"250400 Campina Grande";53;432;16;335;39;85;-;1;824;190;130;6;12;79;4;53;26;69;374;2728
"250403 Capim";3;2;-;5;1;-;-;-;8;9;1;-;-;1;-;-;-;-;6;36
"250407 Caraúbas";-;7;-;3;-;-;-;-;5;1;1;-;-;-;-;-;-;1;1;19
"250410 Carrapateira";-;1;-;-;-;-;-;-;5;4;-;-;-;-;-;-;-;1;1;12
"250415 Casserengue";1;5;-;3;-;1;-;-;11;3;2;-;1;-;-;-;2;1;5;35
"250420 Catingueira";3;6;-;1;-;-;-;-;15;3;1;-;-;-;-;1;-;1;2;33
"250430 Catolé do Rocha";6;32;-;19;5;3;-;-;52;17;4;-;-;3;-;5;-;5;18;169
"250435 Caturité";1;8;-;5;-;1;-;-;4;5;2;-;2;-;-;-;-;-;2;30
"250440 Conceição";3;5;-;6;-;3;-;-;35;21;6;-;-;1;-;6;-;14;6;106
"250450 Condado";1;8;-;6;-;-;-;-;13;6;-;-;-;1;-;2;-;5;10;52
"250460 Conde";5;20;-;11;1;-;-;-;32;9;8;-;-;4;1;3;2;5;41;142
"250470 Congo";4;5;1;3;1;-;-;-;12;3;4;-;-;2;-;-;-;1;5;41
"250480 Coremas";4;10;3;7;1;2;-;-;42;13;7;1;-;1;-;1;2;7;13;114
"250485 Coxixola";-;1;-;1;-;-;-;-;2;1;-;-;-;1;-;-;-;-;-;6
"250490 Cruz do Espírito Santo";3;14;1;9;-;-;-;-;42;9;7;2;1;2;-;3;2;3;10;108
"250500 Cubati";1;4;-;5;-;2;-;-;16;3;2;-;-;-;-;2;-;1;3;39
"250510 Cuité";7;22;1;15;2;1;-;-;59;14;8;1;-;2;-;1;1;10;8;152
"250523 Cuité de Mamanguape";-;4;1;1;-;1;-;-;7;-;2;-;-;1;-;1;-;2;5;25
"250520 Cuitegi";2;3;-;6;-;-;-;-;20;4;4;-;-;2;-;-;1;3;7;52
"250527 Curral de Cima";4;4;-;1;-;2;-;-;15;2;3;-;1;-;-;-;-;2;3;37
"250530 Curral Velho";1;1;-;1;-;-;-;-;1;-;-;-;-;-;-;-;-;-;-;4
"250535 Damião";-;1;-;2;-;1;-;-;4;2;1;-;-;-;-;-;-;7;2;20
"250540 Desterro";2;3;-;4;-;-;-;-;24;5;5;-;-;2;-;1;1;2;10;59
"250560 Diamante";-;6;-;2;-;1;-;-;7;2;3;-;-;-;-;-;-;12;4;37
"250570 Dona Inês";1;5;-;16;-;1;-;-;18;14;2;-;-;2;-;-;-;3;8;70
"250580 Duas Estradas";-;7;-;4;-;-;-;-;15;1;1;-;-;-;-;1;1;5;1;36
"250590 Emas";-;-;-;-;-;-;-;-;5;4;2;-;-;-;-;-;-;5;2;18
"250600 Esperança";9;26;1;34;6;9;-;-;93;20;8;2;2;10;-;5;2;1;28;256
"250610 Fagundes";1;9;1;5;-;2;-;-;14;3;2;-;1;1;-;2;-;48;10;99
"250620 Frei Martinho";-;3;-;1;-;-;-;-;8;5;1;1;-;2;-;-;-;-;2;23
"250625 Gado Bravo";-;5;-;4;-;-;-;-;18;10;2;-;-;2;-;-;-;5;5;51
"250630 Guarabira";17;56;1;50;9;11;-;-;145;51;18;-;-;9;2;5;2;1;36;413
"250640 Gurinhém";-;15;-;4;-;2;-;-;35;11;3;-;-;2;-;-;-;7;12;91
"250650 Gurjão";1;6;-;4;-;1;-;-;7;4;-;-;-;-;-;-;1;2;1;27
"250660 Ibiara";1;1;1;3;-;-;-;-;21;15;1;-;-;-;-;2;-;1;5;51
"250260 Igaracy";1;-;-;2;-;-;-;-;2;-;2;-;-;-;-;1;-;20;13;41
"250670 Imaculada";3;8;-;5;1;1;-;-;20;3;4;-;-;2;1;2;-;8;10;68
"250680 Ingá";2;12;-;15;2;2;-;-;28;8;7;1;-;5;-;4;2;24;13;125
"250690 Itabaiana";11;24;2;24;1;1;-;-;80;21;10;-;-;2;-;1;1;15;10;203
"250700 Itaporanga";5;11;-;7;-;3;-;-;39;26;4;-;-;3;1;7;-;25;15;146
"250710 Itapororoca";2;9;2;9;-;1;-;-;45;9;8;1;-;-;-;5;1;11;10;113
"250720 Itatuba";1;12;-;3;-;-;-;-;16;5;3;-;-;-;-;2;-;29;5;76
"250730 Jacaraú";3;13;-;4;-;2;-;-;39;11;4;-;-;3;-;3;2;6;14;104
"250740 Jericó";2;2;-;9;-;2;-;-;11;3;1;-;-;1;-;1;-;-;5;37
"250750 João Pessoa";185;778;33;321;20;146;-;1;1328;550;266;21;39;119;11;87;35;92;721;4753
"251365 Joca Claudino";-;3;-;1;-;1;-;-;8;-;1;-;-;1;-;-;-;-;1;16
"250760 Juarez Távora";2;4;-;3;1;2;-;-;20;7;2;-;-;-;-;2;1;2;9;55
"250770 Juazeirinho";5;12;-;9;2;2;-;-;28;10;2;-;-;1;1;3;5;11;13;104
"250780 Junco do Seridó";2;2;-;-;1;-;-;-;15;7;1;-;-;1;-;1;2;3;4;39
"250790 Juripiranga";2;8;1;4;1;2;-;-;37;11;3;-;-;1;-;2;-;7;7;86
"250800 Juru";-;14;-;5;-;-;-;-;19;-;4;-;-;2;1;3;-;3;7;58
"250810 Lagoa";-;6;-;1;-;-;-;-;8;1;-;-;-;1;-;1;-;1;-;19
"250820 Lagoa de Dentro";2;8;-;5;2;-;-;-;17;3;1;-;-;-;-;1;1;3;8;51
"250830 Lagoa Seca";5;22;-;12;-;3;-;-;49;13;7;-;1;2;-;7;2;49;21;193
"250840 Lastro";1;3;-;-;-;-;-;-;7;3;2;-;-;1;-;1;-;-;3;21
"250850 Livramento";2;9;-;10;-;1;-;-;28;3;3;-;-;-;-;-;-;8;3;67
"250855 Logradouro";1;3;1;7;-;-;-;-;13;4;1;-;-;2;-;-;-;-;2;34
"250860 Lucena";4;7;-;8;-;1;-;-;31;6;7;-;-;1;-;3;1;4;17;90
"250870 Mãe d'Água";1;4;-;-;1;1;-;-;5;3;3;-;-;-;-;-;-;-;1;19
"250880 Malta";3;10;1;1;1;2;-;-;10;7;4;1;-;-;-;-;-;6;11;57
"250890 Mamanguape";17;29;1;42;2;5;-;-;105;23;17;1;1;12;-;9;-;15;35;314
"250900 Manaíra";4;7;1;6;-;1;-;-;18;5;3;1;1;1;-;2;-;6;4;60
"250905 Marcação";3;3;1;3;-;2;-;-;15;4;-;-;-;1;-;1;1;3;5;42
"250910 Mari";2;14;-;16;3;2;-;-;54;14;7;-;-;4;-;1;2;20;27;166
"250915 Marizópolis";1;12;1;3;1;-;-;-;8;4;2;-;-;-;-;-;-;2;6;40
"250920 Massaranduba";1;7;-;3;1;2;-;-;35;7;7;-;1;2;-;-;-;6;7;79
"250930 Mataraca";4;3;-;2;-;1;-;-;10;2;1;-;-;-;-;1;-;5;3;32
"250933 Matinhas";1;2;-;1;-;-;-;-;4;-;4;-;-;-;-;2;-;2;3;19
"250937 Mato Grosso";-;2;-;3;-;-;-;-;3;1;-;-;-;1;-;-;1;-;3;14
"250939 Maturéia";-;4;-;3;-;-;-;-;8;3;3;-;-;-;-;1;1;9;4;36
"250940 Mogeiro";1;4;-;5;-;-;-;-;20;5;2;-;-;-;-;1;-;22;-;60
"250950 Montadas";1;5;-;3;-;-;-;-;8;2;1;-;1;1;-;2;1;3;8;36
"250960 Monte Horebe";-;5;-;4;-;2;-;-;4;6;4;-;-;2;-;-;-;3;5;35
"250970 Monteiro";3;35;2;40;4;7;-;-;98;22;5;1;1;9;-;2;3;9;24;265
"250980 Mulungu";1;6;4;10;-;-;-;-;19;11;4;-;-;-;-;1;1;4;7;68
"250990 Natuba";2;4;1;6;-;2;-;-;11;3;6;-;-;-;-;1;2;2;7;47
"251000 Nazarezinho";1;10;-;5;-;1;-;-;12;7;1;-;-;-;-;3;-;5;4;49
"251010 Nova Floresta";2;14;-;11;3;2;-;-;36;9;3;-;-;3;-;1;1;5;11;101
"251020 Nova Olinda";2;4;-;2;-;1;-;-;9;5;1;-;-;-;1;1;-;2;3;31
"251030 Nova Palmeira";-;3;-;1;-;-;-;-;6;1;1;-;-;-;-;-;-;5;1;18
"251040 Olho d'Água";-;3;-;2;2;1;-;-;15;3;2;-;-;2;-;2;1;11;5;49
"251050 Olivedos";-;1;-;1;-;-;-;-;6;2;2;-;-;-;-;-;-;1;1;14
"251060 Ouro Velho";-;5;-;4;-;2;-;-;11;2;-;-;-;-;-;-;-;3;2;29
"251065 Parari";-;2;-;-;-;-;-;-;2;-;2;-;-;-;-;-;-;2;1;9
"251070 Passagem";1;1;-;-;-;-;-;-;4;4;1;-;-;-;-;2;1;3;-;17
"251080 Patos";36;128;5;52;21;22;-;-;235;68;40;3;3;15;2;19;6;18;95;768
"251090 Paulista";1;7;-;1;-;1;-;-;29;7;-;-;-;1;-;2;-;2;13;64
"251100 Pedra Branca";-;4;-;2;-;-;-;-;8;2;-;-;-;-;-;-;-;2;1;19
"251110 Pedra Lavrada";1;6;-;3;-;1;-;-;8;4;-;3;-;2;-;2;-;3;7;40
"251120 Pedras de Fogo";11;20;1;10;2;3;-;-;57;9;10;-;3;4;1;4;2;4;16;157
"251272 Pedro Régis";-;6;1;3;-;-;-;-;15;5;1;-;-;-;-;1;-;3;2;37
"251130 Piancó";3;14;-;16;1;6;-;-;50;12;2;-;-;1;-;2;1;5;13;126
"251140 Picuí";2;21;1;12;-;2;-;-;40;14;1;-;1;-;-;1;3;10;17;125
"251150 Pilar";2;6;1;9;-;4;-;-;20;8;4;-;-;2;-;1;1;9;9;76
"251160 Pilões";-;4;-;3;1;-;-;-;13;2;4;-;-;-;-;2;1;17;4;51
"251170 Pilõezinhos";3;2;-;4;1;-;-;-;14;5;2;-;-;1;-;-;-;1;3;36
"251180 Pirpirituba";2;6;-;15;-;1;-;-;17;10;2;-;-;1;-;-;-;1;9;64
"251190 Pitimbu";8;8;-;5;-;-;-;-;16;2;7;-;-;1;-;2;-;1;17;67
"251200 Pocinhos";3;17;1;10;2;7;-;-;33;15;3;1;-;2;-;1;2;-;9;106
"251203 Poço Dantas";2;-;1;3;-;-;-;-;3;5;1;-;-;-;-;1;1;2;-;19
"251207 Poço de José de Moura";2;5;-;3;1;5;-;-;7;6;3;-;-;1;-;3;-;1;-;37
"251210 Pombal";9;37;-;14;3;6;-;-;73;29;8;-;-;6;-;2;4;8;27;226
"251220 Prata";1;5;-;1;-;2;-;-;9;1;4;-;-;2;-;1;-;1;2;29
"251230 Princesa Isabel";7;10;3;12;-;-;-;-;59;14;5;1;1;2;-;4;-;18;15;151
"251240 Puxinanã";3;13;3;14;-;-;-;-;20;4;6;-;-;2;1;1;-;18;8;93
"251250 Queimadas";6;37;2;26;4;5;-;-;64;25;11;1;1;5;1;7;3;34;20;252
"251260 Quixabá";1;2;-;-;1;-;-;-;3;1;-;-;-;-;-;-;-;-;2;10
"251270 Remígio";1;18;1;15;1;2;-;-;57;7;5;1;-;4;-;1;-;18;13;144
"251274 Riachão";2;2;-;2;-;-;-;-;8;1;1;-;-;2;-;-;-;-;1;19
"251275 Riachão do Bacamarte";-;3;-;5;1;-;-;-;6;3;2;-;1;-;1;1;1;3;4;31
"251276 Riachão do Poço";1;6;-;4;1;-;-;-;9;3;1;-;-;1;-;1;-;1;10;38
"251278 Riacho de Santo Antônio";-;1;-;-;-;-;-;-;4;-;1;-;-;1;-;-;1;1;-;9
"251280 Riacho dos Cavalos";-;7;1;2;3;4;-;-;17;5;3;-;1;3;-;-;-;3;4;53
"251290 Rio Tinto";7;24;-;22;-;2;-;-;79;10;12;3;-;1;1;3;3;4;21;192
"251300 Salgadinho";2;3;-;1;-;1;-;-;9;1;3;-;-;1;-;1;-;3;1;26
"251310 Salgado de São Félix";-;11;2;9;1;3;-;-;23;6;7;-;-;1;-;3;1;6;4;77
"251315 Santa Cecília";-;5;-;2;1;1;-;-;20;4;5;-;-;-;-;-;1;-;4;43
"251320 Santa Cruz";3;7;-;3;-;2;-;-;12;10;5;-;-;1;-;1;1;5;6;56
"251330 Santa Helena";-;7;1;3;-;1;-;-;11;10;2;-;-;1;-;-;-;4;2;42
"251335 Santa Inês";-;1;1;-;1;-;-;-;3;1;-;-;-;-;-;-;-;3;5;15
"251340 Santa Luzia";6;15;-;-;1;2;-;-;36;17;5;1;-;3;-;1;-;5;8;100
"251370 Santa Rita";56;94;5;103;7;8;-;1;305;104;48;7;5;29;-;24;4;17;212;1029
"251380 Santa Teresinha";-;4;-;2;-;-;-;-;10;7;3;-;-;-;-;-;-;4;1;31
"251350 Santana de Mangueira";1;3;-;-;-;-;-;-;12;3;-;-;-;1;-;1;-;3;3;27
"251360 Santana dos Garrotes";1;4;-;4;-;1;-;-;21;7;2;-;-;1;-;1;-;1;3;46
"251385 Santo André";-;1;-;4;-;-;-;-;8;1;2;-;-;-;-;-;-;1;-;17
"251392 São Bentinho";1;3;-;5;-;1;-;-;13;6;2;-;-;1;-;-;-;1;2;35
"251390 São Bento";3;24;4;19;1;3;-;-;47;10;7;-;-;5;-;6;3;7;42;181
"251396 São Domingos";3;6;-;2;-;-;-;-;3;1;2;-;-;-;-;-;-;-;1;18
"251394 São Domingos do Cariri";-;4;-;1;-;-;-;-;9;2;-;-;-;1;-;-;-;2;1;20
"251398 São Francisco";-;3;-;4;-;-;-;-;12;3;4;-;-;1;-;-;-;-;1;28
"251400 São João do Cariri";1;4;-;1;-;1;-;-;6;3;1;-;-;5;-;-;-;1;2;25
"250070 São João do Rio do Peixe";5;29;2;12;2;2;-;-;40;11;7;-;1;2;-;-;1;3;9;126
"251410 São João do Tigre";1;4;-;3;-;-;-;-;14;1;1;-;-;1;-;2;1;4;3;35
"251420 São José da Lagoa Tapada";3;8;1;-;-;1;-;-;11;8;3;-;-;2;-;1;-;2;10;50
"251430 São José de Caiana";3;1;-;-;-;-;-;-;11;2;-;-;-;1;-;1;1;1;2;23
"251440 São José de Espinharas";2;4;-;2;-;-;-;-;6;1;-;-;-;-;-;1;-;3;1;20
"251450 São José de Piranhas";5;22;1;7;-;5;-;-;37;28;8;1;-;3;-;3;2;21;10;153
"251455 São José de Princesa";-;5;-;-;-;-;-;-;5;4;1;-;-;1;-;2;-;2;3;23
"251460 São José do Bonfim";-;-;-;3;-;-;-;-;5;-;1;-;-;-;-;-;-;2;1;12
"251465 São José do Brejo do Cruz";-;1;-;-;-;-;-;-;2;1;-;-;-;-;-;-;-;-;-;4
"251470 São José do Sabugi";-;8;-;1;-;-;-;-;7;1;2;-;-;-;-;2;-;-;-;21
"251480 São José dos Cordeiros";2;4;1;-;-;-;-;-;12;1;-;-;1;-;1;-;-;6;6;34
"251445 São José dos Ramos";-;7;2;3;-;1;-;-;15;5;3;-;-;2;-;3;-;2;4;47
"251490 São Mamede";1;7;-;3;-;-;-;-;11;4;1;-;-;3;-;2;1;4;5;42
"251500 São Miguel de Taipu";5;3;-;3;-;-;-;-;21;6;2;1;-;2;1;1;-;1;7;53
"251510 São Sebastião de Lagoa de Roça";1;16;-;9;1;2;-;-;32;12;-;-;-;1;-;2;-;5;9;90
"251520 São Sebastião do Umbuzeiro";1;2;-;3;-;1;-;-;4;-;1;-;-;1;-;-;1;12;4;30
"251540 São Vicente do Seridó";-;11;-;4;-;-;-;-;22;5;2;-;-;1;1;3;-;3;10;62
"251530 Sapé";10;24;2;42;2;8;-;-;132;47;21;3;1;10;-;5;4;30;42;383
"251550 Serra Branca";4;18;1;13;-;1;-;-;39;11;4;1;-;3;-;1;1;16;6;119
"251560 Serra da Raiz";-;3;1;2;-;-;-;-;6;-;2;-;-;2;-;-;1;2;-;19
"251570 Serra Grande";-;3;-;-;-;-;-;-;4;3;1;-;1;1;-;-;-;-;8;21
"251580 Serra Redonda";1;1;1;1;-;-;-;-;7;1;-;-;-;1;-;-;1;7;4;25
"251590 Serraria";1;4;-;4;-;-;-;-;18;2;2;-;-;2;-;-;-;7;5;45
"251593 Sertãozinho";-;6;1;4;-;1;-;-;12;9;3;-;-;-;-;-;1;3;2;42
"251597 Sobrado";1;7;-;8;-;1;-;-;17;10;-;-;-;-;-;-;-;2;8;54
"251600 Solânea";4;37;-;38;-;3;-;-;82;14;8;1;1;4;-;8;3;8;21;232
"251610 Soledade";2;15;-;9;-;5;-;-;30;10;2;-;-;1;-;1;1;15;10;101
"251615 Sossêgo";2;1;-;-;1;1;-;-;5;-;-;-;-;-;-;1;-;4;2;17
"251620 Sousa";11;78;3;39;5;16;-;-;121;48;17;-;2;15;1;10;4;17;43;430
"251630 Sumé";7;22;1;20;1;3;-;-;47;10;12;-;-;1;1;1;1;6;15;148
"251640 Tacima";3;5;-;10;4;-;-;-;16;3;1;-;-;1;-;-;-;1;2;46
"251650 Taperoá";3;7;2;6;-;2;-;-;36;9;6;-;1;3;-;2;2;15;11;105
"251660 Tavares";1;12;-;17;-;-;-;-;34;10;3;-;1;1;-;3;-;1;6;89
"251670 Teixeira";2;15;2;3;-;1;-;-;33;6;4;-;1;2;1;5;3;10;17;105
"251675 Tenório";2;7;-;-;-;-;-;-;6;3;1;-;-;-;-;-;-;3;2;24
"251680 Triunfo";2;7;1;3;-;1;-;-;18;14;3;-;1;1;-;1;-;14;3;69
"251690 Uiraúna";3;18;1;10;3;3;-;-;32;11;11;-;-;5;-;3;-;3;13;116
"251700 Umbuzeiro";3;10;2;3;-;1;-;-;14;7;4;-;-;1;-;-;-;5;6;56
"251710 Várzea";2;3;-;1;1;3;-;-;7;2;2;-;-;-;-;-;-;-;1;22
"251720 Vieirópolis";-;11;-;6;-;-;-;-;6;4;2;-;-;1;-;-;-;-;2;32
"250550 Vista Serrana";1;3;-;-;-;-;-;-;13;4;4;-;-;-;-;-;-;-;-;25
"251740 Zabelê";-;3;-;1;-;-;-;-;5;-;-;-;-;-;-;-;-;1;1;11
"250000 Município ignorado - PB";1;1;-;1;-;-;-;-;2;-;1;-;-;-;-;1;2;1;30;40
"260005 Abreu e Lima";42;83;-;49;4;7;-;-;195;96;41;2;5;9;-;7;6;23;72;641
"260010 Afogados da Ingazeira";10;33;2;30;-;2;-;-;95;23;11;-;-;1;1;4;3;10;22;247
"260020 Afrânio";4;14;1;7;1;2;-;-;29;3;6;-;-;-;-;2;2;9;11;91
"260030 Agrestina";7;19;2;13;-;4;-;-;52;21;20;-;-;7;-;3;-;28;28;204
"260040 Água Preta";11;22;-;27;2;1;-;-;57;22;10;1;-;4;-;3;3;6;20;189
"260050 Águas Belas";15;27;1;20;5;1;-;-;41;22;9;1;-;1;1;8;5;104;27;288
"260060 Alagoinha";5;12;-;8;2;4;-;-;26;12;7;1;-;-;-;-;-;9;10;96
"260070 Aliança";7;22;-;26;4;1;-;-;85;23;21;-;-;7;-;6;4;7;36;249
"260080 Altinho";6;16;-;13;2;1;-;-;70;36;11;-;-;2;-;-;2;20;17;196
"260090 Amaraji";4;19;-;9;1;1;-;-;35;10;10;-;-;3;-;2;3;5;17;119
"260100 Angelim";3;10;-;5;2;1;-;-;20;10;4;-;-;-;-;5;1;22;11;94
"260105 Araçoiaba";6;6;-;14;-;2;-;-;29;9;5;1;-;3;-;4;-;3;10;92
"260110 Araripina";12;57;3;35;17;5;-;-;149;30;22;1;1;3;1;8;4;10;77;435
"260120 Arcoverde";20;49;2;28;9;3;-;-;136;54;29;-;2;15;-;14;5;33;45;444
"260130 Barra de Guabiraba";1;9;1;11;-;1;-;-;22;7;5;-;-;1;-;-;-;1;9;68
"260140 Barreiros";14;33;5;28;8;3;-;-;115;23;17;1;1;9;1;8;8;12;29;315
"260150 Belém de Maria";2;8;1;6;4;-;-;-;22;10;3;-;-;2;2;-;2;5;8;75
"260160 Belém do São Francisco";8;14;1;6;3;-;-;-;31;18;3;1;-;-;-;3;-;11;19;118
"260170 Belo Jardim";16;74;2;89;8;14;-;-;189;65;35;1;2;17;1;10;3;29;74;629
"260180 Betânia";3;8;3;5;-;1;-;-;26;4;4;-;-;-;-;3;1;1;11;70
"260190 Bezerros";12;56;3;59;5;6;-;-;146;43;27;3;3;6;-;7;2;75;64;517
"260200 Bodocó";5;27;-;21;5;2;-;-;53;8;7;-;-;3;-;5;2;3;28;169
"260210 Bom Conselho";13;43;1;19;2;4;-;-;89;29;16;1;2;5;1;6;3;53;32;319
"260220 Bom Jardim";4;35;2;23;5;4;-;-;103;34;12;2;1;1;1;1;1;6;30;265
"260230 Bonito";7;33;1;25;3;1;-;-;92;31;16;-;3;2;-;5;3;19;21;262
"260240 Brejão";-;14;1;13;3;-;-;-;33;13;4;1;1;1;1;1;1;3;7;97
"260250 Brejinho";1;9;-;10;2;1;-;-;25;3;4;-;-;1;-;-;-;3;3;62
"260260 Brejo da Madre de Deus";9;46;-;28;1;3;-;-;96;29;14;1;-;4;1;6;1;16;49;304
"260270 Buenos Aires";4;8;1;5;3;1;-;-;20;14;3;-;-;3;-;1;-;6;9;78
"260280 Buíque";14;23;1;17;-;1;-;-;58;23;15;-;-;4;-;4;2;103;34;299
"260290 Cabo de Santo Agostinho";67;152;6;77;3;21;-;-;342;152;73;3;4;32;5;27;12;22;208;1206
"260300 Cabrobó";2;21;2;11;4;3;-;-;49;15;-;-;1;3;1;8;2;17;22;161
"260310 Cachoeirinha";5;24;1;10;3;4;-;-;54;25;5;-;-;2;-;-;-;7;20;160
"260320 Caetés";7;20;3;27;3;1;-;-;51;15;4;-;-;1;2;1;2;6;23;166
"260330 Calçado";2;7;-;7;1;3;-;-;27;9;2;-;-;2;-;1;1;2;1;65
"260340 Calumbi";3;8;1;7;3;-;-;-;20;2;3;-;-;2;-;1;1;9;6;66
"260345 Camaragibe";48;139;2;56;7;18;-;-;282;139;63;-;2;15;2;13;7;17;113;923
"260350 Camocim de São Félix";5;15;-;15;1;2;-;-;32;15;14;1;-;4;1;2;1;2;11;121
"260360 Camutanga";-;9;1;3;3;3;-;-;19;6;7;-;-;1;-;-;-;6;6;64
"260370 Canhotinho";5;24;3;25;4;1;-;-;72;20;14;-;-;3;-;3;-;8;12;194
"260380 Capoeiras";3;22;1;17;3;2;-;-;45;9;3;-;1;1;1;1;-;5;21;135
"260390 Carnaíba";15;22;-;10;2;-;-;-;43;7;6;-;1;-;-;3;-;2;17;128
"260392 Carnaubeira da Penha";2;5;-;3;-;2;-;-;20;5;2;-;-;1;-;2;2;3;5;52
"260400 Carpina";20;58;5;34;3;6;-;-;150;64;28;2;2;9;2;6;7;10;72;478
"260410 Caruaru";76;323;15;186;15;44;-;-;568;255;136;5;5;69;5;51;24;70;260;2107
"260415 Casinhas";2;6;-;5;-;2;-;-;24;9;5;-;-;1;-;1;-;5;13;73
"260420 Catende";15;22;2;37;6;1;-;-;84;24;12;1;-;7;1;6;2;14;31;265
"260430 Cedro";4;10;-;4;-;3;-;-;15;7;2;-;-;-;-;2;3;1;7;58
"260440 Chã de Alegria";3;6;-;8;1;1;-;-;20;12;3;-;-;-;-;-;-;2;4;60
"260450 Chã Grande";3;12;-;11;1;1;-;-;44;12;10;-;-;3;-;1;2;1;12;113
"260460 Condado";6;19;-;23;1;-;-;-;59;19;7;1;1;3;-;3;3;1;18;164
"260470 Correntes";4;12;-;12;4;3;-;-;50;10;5;1;-;2;-;2;1;3;11;120
"260480 Cortês";4;9;-;4;2;-;-;-;17;4;4;1;-;2;-;2;-;2;9;60
"260490 Cumaru";4;11;-;6;1;1;-;-;53;10;6;-;-;1;-;3;1;5;7;109
"260500 Cupira";3;18;1;17;5;2;-;-;60;23;16;-;-;4;-;2;-;7;21;179
"260510 Custódia";8;38;2;15;2;2;-;-;84;25;9;-;1;6;-;7;2;23;25;249
"260515 Dormentes";2;5;-;5;-;-;-;-;22;10;1;-;-;2;1;6;1;2;10;67
"260520 Escada";28;46;2;29;5;4;-;-;141;57;27;1;1;4;-;8;4;23;51;431
"260530 Exu";3;23;4;18;-;1;-;-;45;16;6;-;-;2;-;2;1;8;25;154
"260540 Feira Nova";8;11;-;7;-;1;-;-;48;15;8;-;-;2;-;-;-;6;9;115
"260545 Fernando de Noronha";-;2;-;-;-;-;-;-;-;-;-;-;-;-;-;-;-;-;-;2
"260550 Ferreiros";4;8;-;16;2;2;-;-;27;6;5;-;-;1;-;1;-;-;8;80
"260560 Flores";9;16;-;12;1;3;-;-;62;19;3;-;1;2;-;-;2;4;12;146
"260570 Floresta";6;23;-;5;3;5;-;-;46;15;3;-;1;4;1;4;7;17;28;168
"260580 Frei Miguelinho";3;20;-;15;1;2;-;-;49;18;9;-;2;3;-;2;2;5;9;140
"260590 Gameleira";15;14;-;12;2;1;-;-;43;19;7;-;-;3;1;4;-;5;20;146
"260600 Garanhuns";57;101;5;100;12;17;-;-;285;95;42;1;3;20;1;30;8;17;101;895
"260610 Glória do Goitá";6;26;1;19;1;3;-;-;34;23;13;-;1;3;-;3;5;3;21;162
"260620 Goiana";35;68;1;58;5;8;-;-;144;65;26;6;1;15;-;8;4;23;57;524
"260630 Granito";-;11;-;4;-;-;-;-;6;9;4;-;-;1;-;1;1;-;5;42
"260640 Gravatá";15;78;4;58;3;4;-;-;163;54;32;-;-;17;1;6;5;63;64;567
"260650 Iati";4;16;-;10;2;1;-;-;34;8;7;-;-;-;-;5;1;16;11;115
"260660 Ibimirim";3;15;1;13;2;-;-;-;34;8;12;-;-;1;-;12;1;34;28;164
"260670 Ibirajuba";2;4;-;4;3;1;-;-;24;6;4;1;-;1;-;-;1;2;3;56
"260680 Igarassu";32;76;1;41;4;4;-;-;178;87;30;2;1;14;-;13;5;26;72;586
"260690 Iguaracy";3;19;-;7;2;3;-;-;28;5;1;-;1;1;-;1;1;3;9;84
"260760 Ilha de Itamaracá";3;19;-;5;1;2;-;-;32;21;3;-;-;4;-;1;-;6;23;120
"260700 Inajá";7;13;-;-;-;1;-;-;22;4;7;-;-;-;-;10;1;4;13;82
"260710 Ingazeira";2;5;-;1;-;-;-;-;8;2;1;-;-;-;-;-;2;-;7;28
"260720 Ipojuca";29;54;-;37;4;3;-;1;152;54;19;2;-;6;1;14;4;22;76;478
"260730 Ipubi";12;21;2;5;2;-;-;-;59;10;8;-;-;4;-;2;2;7;30;164
"260740 Itacuruba";1;3;-;1;-;1;-;-;8;5;1;-;-;-;-;2;1;4;4;31
"260750 Itaíba";4;11;1;9;1;3;-;-;33;4;6;2;2;2;-;4;1;50;17;150
"260765 Itambé";12;20;-;28;1;4;-;-;85;28;14;1;-;1;1;6;2;3;25;231
"260770 Itapetim";1;15;-;9;3;-;-;-;39;10;10;-;-;6;-;2;1;7;7;110
"260775 Itapissuma";6;15;-;5;-;2;-;-;37;18;7;1;1;3;-;2;1;1;26;125
"260780 Itaquitinga";6;6;1;8;1;-;-;-;35;10;2;-;-;3;-;3;1;3;9;88
"260790 Jaboatão dos Guararapes";220;555;9;244;42;74;-;1;1077;499;271;9;7;93;5;71;50;60;561;3848
"260795 Jaqueira";-;8;1;13;-;1;-;-;21;6;7;-;-;-;-;1;-;3;3;64
"260800 Jataúba";5;22;1;16;1;-;-;-;50;7;8;-;-;2;1;4;1;9;19;146
"260805 Jatobá";3;9;-;6;3;1;-;-;20;10;4;-;-;-;-;2;3;6;8;75
"260810 João Alfredo";7;20;1;9;2;3;-;-;91;34;9;-;1;2;1;1;2;11;15;209
"260820 Joaquim Nabuco";5;8;-;9;-;1;-;-;26;9;12;-;1;1;-;1;1;4;13;91
"260825 Jucati";2;8;-;5;2;-;-;-;19;6;3;-;1;1;-;1;-;11;4;63
"260830 Jupi";3;20;1;13;2;1;-;-;23;10;5;-;-;5;-;9;2;2;13;109
"260840 Jurema";3;13;1;10;4;-;-;-;38;14;5;-;-;3;-;3;-;1;21;116
"260850 Lagoa de Itaenga";7;12;-;4;-;1;-;-;63;21;6;1;1;2;-;1;2;3;29;153
"260845 Lagoa do Carro";4;15;1;5;-;1;-;-;29;11;2;-;-;1;-;2;-;1;14;86
"260860 Lagoa do Ouro";3;11;-;13;-;3;-;-;32;6;6;1;-;2;-;1;-;1;9;88
"260870 Lagoa dos Gatos";4;19;-;7;-;-;-;-;36;15;9;-;-;1;-;2;-;3;7;103
"260875 Lagoa Grande";6;8;-;6;-;1;-;-;25;8;5;-;-;2;-;5;1;17;24;108
"260880 Lajedo";9;41;2;29;6;5;-;-;85;32;17;-;1;6;-;8;1;30;50;322
"260890 Limoeiro";24;62;4;40;9;4;-;-;133;72;33;-;2;7;1;3;4;16;30;444
"260900 Macaparana";8;17;-;22;8;2;-;-;68;17;15;2;2;3;-;5;2;1;16;188
"260910 Machados";3;11;1;10;2;1;-;-;23;5;4;1;-;-;-;1;1;3;5;71
"260915 Manari";5;5;-;5;1;-;-;-;26;4;5;-;-;-;-;2;1;11;12;77
"260920 Maraial";2;5;-;8;-;1;-;-;31;9;4;-;-;1;-;3;-;6;10;80
"260930 Mirandiba";3;11;1;5;3;1;-;-;37;15;4;1;-;3;-;4;1;5;6;100
"261430 Moreilândia";4;10;-;1;-;2;-;-;20;6;4;-;-;3;-;2;-;5;10;67
"260940 Moreno";16;54;-;30;4;3;-;-;105;45;25;1;1;12;-;5;2;12;42;357
"260950 Nazaré da Mata";12;24;1;18;1;3;-;-;58;37;20;1;-;3;-;2;4;6;27;217
"260960 Olinda";191;480;7;178;12;58;-;-;837;431;170;9;20;82;1;58;19;73;300;2926
"260970 Orobó";6;11;-;17;-;-;-;-;47;22;8;3;1;3;-;2;3;12;11;146
"260980 Orocó";1;7;1;2;-;-;-;-;20;5;3;-;1;-;1;5;1;13;5;65
"260990 Ouricuri";23;50;3;24;9;5;-;-;126;36;14;-;-;6;1;8;2;31;56;394
"261000 Palmares";23;57;-;44;3;7;-;-;136;46;30;2;-;11;-;5;1;8;57;430
"261010 Palmeirina";3;4;-;3;-;1;-;-;15;6;2;-;-;-;-;2;1;16;4;57
"261020 Panelas";8;19;2;43;2;-;-;-;64;21;15;-;1;2;-;1;2;5;20;205
"261030 Paranatama";5;11;1;7;1;1;-;-;39;10;4;-;-;-;-;2;3;14;11;109
"261040 Parnamirim";1;19;1;6;2;-;-;-;28;9;6;-;-;4;-;2;3;11;22;114
"261050 Passira";13;29;2;21;-;2;-;-;72;26;9;1;-;2;-;1;-;5;17;200
"261060 Paudalho";16;27;1;19;6;3;-;-;102;34;23;1;-;5;-;11;3;11;43;305
"261070 Paulista";100;299;8;143;14;30;-;1;500;279;98;8;10;48;2;24;15;53;200;1832
"261080 Pedra";7;13;1;9;5;2;-;-;47;11;5;1;-;3;-;6;-;12;16;138
"261090 Pesqueira";25;75;2;51;1;9;-;-;146;46;25;2;-;9;-;7;4;36;54;492
"261100 Petrolândia";5;26;2;19;3;4;-;-;50;22;8;-;-;8;-;8;6;5;21;187
"261110 Petrolina";73;232;10;85;13;32;-;-;313;114;69;8;4;26;7;52;21;118;273;1450
"261120 Poção";2;15;1;10;5;1;-;-;35;3;2;1;-;1;-;2;-;9;3;90
"261130 Pombos";6;22;-;16;-;1;-;-;72;21;7;-;-;-;-;2;2;6;17;172
"261140 Primavera";3;8;-;1;-;2;-;-;22;13;5;-;1;1;-;2;1;2;19;80
"261150 Quipapá";6;15;2;15;-;1;-;-;63;10;8;-;1;-;-;2;-;5;25;153
"261153 Quixaba";1;5;-;5;2;2;-;-;8;2;1;-;-;-;-;-;-;1;4;31
"261160 Recife";625;1822;45;679;57;278;-;1;2965;1690;673;18;27;281;14;162;102;92;1234;10765
"261170 Riacho das Almas";4;19;-;17;1;5;-;-;41;17;7;1;2;2;-;1;1;36;10;164
"261180 Ribeirão";13;32;1;44;2;3;-;-;78;25;14;-;-;7;1;1;3;13;30;267
"261190 Rio Formoso";9;20;-;17;-;4;-;-;39;21;10;-;-;5;1;5;1;4;15;151
"261200 Sairé";2;9;2;9;1;1;-;-;17;5;3;-;-;1;-;2;-;5;6;63
"261210 Salgadinho";-;10;-;3;-;-;-;-;16;5;1;-;-;-;-;-;-;5;3;43
"261220 Salgueiro";18;51;1;17;8;5;-;-;87;50;17;4;1;13;1;5;5;17;60;360
"261230 Saloá";5;17;1;8;3;3;-;-;45;16;9;-;-;2;-;2;2;8;15;136
"261240 Sanharó";9;18;-;14;6;1;-;-;50;18;5;1;2;10;-;1;1;15;26;177
"261245 Santa Cruz";6;10;-;7;1;6;-;-;23;6;3;-;-;-;-;6;-;7;9;84
"261247 Santa Cruz da Baixa Verde";5;11;-;12;1;-;-;-;29;7;-;-;-;2;-;3;-;1;8;79
"261250 Santa Cruz do Capibaribe";20;59;2;24;3;9;-;-;130;47;21;3;2;1;1;14;5;21;75;437
"261255 Santa Filomena";5;11;1;3;-;-;-;-;24;4;2;1;-;1;-;1;-;4;7;64
"261260 Santa Maria da Boa Vista";10;11;1;7;1;2;-;-;31;11;4;-;1;1;2;7;2;40;31;162
"261270 Santa Maria do Cambucá";5;14;-;11;2;4;-;-;30;13;4;1;-;-;-;1;1;4;15;105
"261280 Santa Terezinha";1;7;-;4;1;2;-;-;32;2;2;-;-;1;-;1;-;4;5;62
"261290 São Benedito do Sul";5;7;1;9;2;1;-;-;29;13;3;-;-;1;-;3;1;1;8;84
"261300 São Bento do Una";13;33;4;25;8;8;-;-;104;46;21;1;-;6;1;10;4;32;43;359
"261310 São Caitano";5;41;-;26;3;3;-;-;99;27;23;-;-;3;1;4;4;20;30;289
"261320 São João";7;16;-;19;-;1;-;-;27;15;6;-;-;-;-;3;1;7;17;119
"261330 São Joaquim do Monte";4;19;-;10;7;2;-;-;55;13;6;-;-;11;2;1;1;16;15;162
"261340 São José da Coroa Grande";10;6;-;9;-;2;-;-;35;14;4;-;-;-;-;3;1;4;20;108
"261350 São José do Belmonte";7;28;1;18;6;2;-;-;49;22;6;3;2;3;-;5;2;24;24;202
"261360 São José do Egito";10;32;-;25;3;11;-;-;101;16;10;1;1;1;-;5;1;18;33;268
"261370 São Lourenço da Mata";29;81;2;43;5;8;-;-;203;100;50;2;1;18;2;19;5;15;72;655
"261380 São Vicente Ferrer";6;13;-;18;2;2;-;-;31;14;2;1;-;2;-;3;1;3;16;114
"261390 Serra Talhada";19;64;3;35;14;8;-;-;150;41;23;1;2;7;-;19;5;53;58;502
"261400 Serrita";4;9;-;5;-;1;-;-;32;11;2;-;-;2;-;2;1;3;16;88
"261410 Sertânia";10;31;2;21;3;2;-;-;66;13;9;-;-;4;-;3;2;50;22;238
"261420 Sirinhaém";10;20;2;12;1;4;-;-;64;24;14;2;3;6;-;3;3;6;38;212
"261440 Solidão";-;5;-;3;1;2;-;-;11;3;3;-;-;-;-;-;-;2;2;32
"261450 Surubim";16;57;2;36;3;5;-;-;140;59;26;3;2;16;-;3;2;15;33;418
"261460 Tabira";4;29;1;16;4;3;-;-;80;14;13;-;-;7;-;4;3;7;17;202
"261470 Tacaimbó";1;9;-;9;1;-;-;-;34;7;4;-;1;3;-;1;2;9;11;92
"261480 Tacaratu";2;11;-;10;-;3;-;-;28;12;3;-;2;1;-;3;4;11;5;95
"261485 Tamandaré";7;12;-;20;1;1;-;-;33;6;9;-;-;1;-;2;1;3;6;102
"261500 Taquaritinga do Norte";4;10;-;18;6;1;-;-;50;14;6;-;-;3;1;3;2;21;22;161
"261510 Terezinha";4;8;-;1;2;-;-;-;12;2;2;-;-;1;-;-;1;10;10;53
"261520 Terra Nova";1;12;-;-;-;1;-;-;13;5;-;1;-;-;-;2;-;7;7;49
"261530 Timbaúba";20;43;1;49;4;-;-;-;129;47;19;1;2;2;-;4;2;2;63;388
"261540 Toritama";5;21;-;22;2;5;-;-;51;13;13;-;-;4;-;5;1;25;48;215
"261550 Tracunhaém";5;7;1;3;1;1;-;-;29;5;6;-;-;2;-;1;2;6;9;78
"261560 Trindade";6;11;1;11;3;1;-;-;52;16;10;-;2;4;1;11;4;10;47;190
"261570 Triunfo";1;14;-;9;2;2;-;-;54;13;4;-;1;1;-;3;-;2;10;116
"261580 Tupanatinga";6;9;-;7;-;2;-;-;30;4;4;-;-;1;-;4;3;25;16;111
"261590 Tuparetama";2;16;-;7;2;1;-;-;31;9;2;1;4;-;-;2;-;-;6;83
"261600 Venturosa";3;16;3;11;1;1;-;-;31;10;5;-;1;4;1;-;2;6;14;109
"261610 Verdejante";4;7;-;-;1;1;-;-;16;4;1;-;-;2;-;1;-;9;5;51
"261618 Vertente do Lério";3;6;1;1;1;1;-;-;25;5;2;1;-;1;-;1;-;3;4;55
"261620 Vertentes";1;17;-;16;2;1;-;-;53;13;8;-;-;1;-;3;-;4;25;144
"261630 Vicência";5;22;-;14;2;2;-;-;58;19;16;-;2;3;-;2;2;10;17;174
"261640 Vitória de Santo Antão";39;130;7;99;12;15;-;-;269;133;55;1;3;10;3;11;8;4;136;935
"261650 Xexéu";9;11;-;18;2;1;-;-;22;10;6;1;-;2;-;3;1;3;13;102
"260000 Município ignorado - PE";7;6;-;5;1;1;-;-;31;13;18;1;-;2;-;4;-;16;113;218
"270010 Água Branca";7;12;-;6;1;2;-;-;33;8;1;1;1;4;-;6;3;40;12;137
"270020 Anadia";7;7;1;5;2;1;-;-;32;11;4;-;-;1;1;2;-;6;20;100
"270030 Arapiraca";77;139;3;109;9;10;-;1;360;117;75;5;4;32;4;27;15;171;277;1435
"270040 Atalaia";8;25;-;14;6;1;-;-;98;22;13;1;-;4;-;11;3;21;53;280
"270050 Barra de Santo Antônio";7;8;-;8;1;-;-;-;20;6;10;1;-;2;-;1;2;3;14;83
"270060 Barra de São Miguel";2;5;-;3;-;-;-;-;9;3;3;1;-;-;-;2;-;2;10;40
"270070 Batalha";6;8;-;8;2;-;-;-;27;5;3;1;-;-;-;3;-;6;12;81
"270080 Belém";-;2;-;2;-;1;-;-;8;-;1;-;-;-;-;-;-;5;4;23
"270090 Belo Monte";-;1;1;4;-;-;-;-;4;2;-;-;-;1;-;1;2;1;6;23
"270100 Boca da Mata";5;13;2;15;1;1;-;-;52;10;13;-;-;5;-;8;1;3;22;151
"270110 Branquinha";2;10;-;5;1;-;-;-;14;4;1;-;-;1;-;1;1;-;8;48
"270120 Cacimbinhas";4;7;1;5;1;-;-;-;23;10;3;-;-;4;-;2;1;3;14;78
"270130 Cajueiro";7;7;1;12;2;1;-;-;32;5;15;-;-;1;-;3;1;1;23;111
"270135 Campestre";2;4;-;8;-;-;-;-;13;5;2;-;-;1;-;1;-;-;5;41
"270140 Campo Alegre";13;13;1;26;1;1;-;1;49;17;14;1;1;3;1;8;2;5;33;190
"270150 Campo Grande";4;1;-;5;1;1;-;-;16;5;4;-;1;1;-;2;-;9;13;63
"270160 Canapi";3;13;2;3;2;2;-;-;29;3;3;-;-;3;-;2;1;3;9;78
"270170 Capela";10;9;-;9;-;1;-;-;28;6;10;2;-;1;1;3;1;3;24;108
"270180 Carneiros";2;6;-;-;-;-;-;-;17;2;-;-;-;-;-;2;-;1;6;36
"270190 Chã Preta";-;4;-;1;1;1;-;-;11;3;5;-;-;-;-;1;-;2;5;34
"270200 Coité do Nóia";1;6;-;4;1;1;-;-;19;4;1;-;1;-;-;1;-;9;13;61
"270210 Colônia Leopoldina";4;13;1;8;2;1;-;-;53;11;10;-;-;2;-;5;-;4;18;132
"270220 Coqueiro Seco";3;-;-;3;-;1;-;-;7;3;2;1;-;1;-;2;1;-;8;32
"270230 Coruripe";12;37;2;36;3;2;-;-;63;21;20;1;1;5;-;11;7;5;56;282
"270235 Craíbas";6;9;1;9;2;-;-;-;34;5;4;-;-;-;1;6;3;17;21;118
"270240 Delmiro Gouveia";14;31;-;33;3;2;-;-;97;20;10;1;-;6;2;9;2;36;42;308
"270250 Dois Riachos";2;3;-;4;1;1;-;-;24;4;6;1;-;1;-;1;-;1;15;64
"270255 Estrela de Alagoas";13;9;-;13;1;-;-;-;28;13;7;-;-;4;-;1;4;9;14;116
"270260 Feira Grande";6;9;-;10;-;1;-;-;38;7;10;-;1;1;-;1;2;11;20;117
"270270 Feliz Deserto";1;4;-;5;-;1;-;-;6;2;2;-;-;1;-;-;1;1;2;26
"270280 Flexeiras";3;7;1;3;1;1;-;-;34;6;2;1;-;-;-;1;1;-;8;69
"270290 Girau do Ponciano";9;17;-;16;1;2;-;-;44;11;9;-;1;2;1;5;2;43;15;178
"270300 Ibateguara";3;12;-;11;1;3;-;-;28;10;8;-;1;-;-;3;3;23;19;125
"270310 Igaci";6;19;1;13;-;1;-;-;43;18;6;1;1;2;-;1;1;21;28;162
"270320 Igreja Nova";4;8;-;14;2;-;-;-;21;7;3;1;-;2;-;8;2;39;20;131
"270330 Inhapi";8;12;1;7;1;-;-;-;53;9;5;1;1;1;-;2;-;2;12;115
"270340 Jacaré dos Homens";-;5;-;3;1;-;-;-;14;2;-;-;-;-;-;-;-;1;4;30
"270350 Jacuípe";2;3;-;2;-;-;-;-;5;1;1;-;-;-;-;2;-;1;5;22
"270360 Japaratinga";-;2;-;8;-;-;-;-;9;4;2;-;-;-;-;1;-;2;9;37
"270370 Jaramataia";1;-;-;2;-;-;-;-;7;3;5;-;-;-;-;2;-;1;10;31
"270375 Jequiá da Praia";3;2;-;4;2;2;-;-;14;3;3;-;1;-;-;1;-;1;10;46
"270380 Joaquim Gomes";9;11;-;14;2;1;-;-;42;16;10;1;-;-;1;9;2;4;34;156
"270390 Jundiá";1;3;-;2;-;1;-;-;9;1;3;-;-;-;-;1;-;2;4;27
"270400 Junqueiro";6;13;1;14;-;6;-;-;31;9;11;-;-;3;1;3;1;10;30;139
"270410 Lagoa da Canoa";5;16;-;8;1;2;-;-;36;13;7;-;-;-;-;3;4;9;20;124
"270420 Limoeiro de Anadia";3;10;-;3;1;3;-;-;29;13;8;-;-;-;1;3;-;14;28;116
"270430 Maceió";325;744;29;521;53;134;-;1;1701;583;397;28;26;94;9;148;39;62;1149;6043
"270440 Major Isidoro";3;16;-;10;2;-;-;-;43;3;5;-;-;2;-;4;-;13;22;123
"270490 Mar Vermelho";1;4;-;3;-;-;-;-;6;2;3;-;-;1;-;2;-;3;1;26
"270450 Maragogi";9;3;1;28;2;2;-;-;41;9;8;-;-;1;-;6;1;12;27;150
"270460 Maravilha";4;4;-;3;-;1;-;-;21;6;1;1;-;-;-;2;1;5;7;56
"270470 Marechal Deodoro";14;26;1;24;2;6;-;-;71;22;9;-;-;4;-;6;6;9;77;277
"270480 Maribondo";5;8;-;6;-;1;-;-;26;5;6;-;-;1;-;4;1;17;22;102
"270500 Mata Grande";11;7;-;6;1;6;-;-;21;6;4;-;1;3;1;3;2;1;19;92
"270510 Matriz de Camaragibe";10;10;1;21;4;-;-;-;60;7;10;-;2;-;-;2;1;19;22;169
"270520 Messias";5;14;1;14;-;1;-;1;24;13;5;-;1;-;-;1;-;5;19;104
"270530 Minador do Negrão";3;3;-;4;-;-;-;-;17;4;1;-;-;-;-;3;1;1;1;38
"270540 Monteirópolis";5;5;-;3;-;-;-;-;8;3;3;1;-;-;-;1;-;2;5;36
"270550 Murici";7;12;1;13;5;2;-;-;67;12;16;1;1;3;-;7;2;4;48;201
"270560 Novo Lino";2;2;-;7;3;-;-;-;14;7;3;-;-;-;-;-;1;3;9;51
"270570 Olho d'Água das Flores";9;12;-;6;-;1;-;-;34;17;9;-;-;2;-;2;2;12;17;123
"270580 Olho d'Água do Casado";1;5;-;3;-;-;-;-;15;2;3;-;1;-;-;-;-;6;12;48
"270590 Olho d'Água Grande";2;5;-;1;-;-;-;-;11;4;2;-;-;1;-;-;-;2;2;30
"270600 Olivença";6;9;-;3;1;3;-;-;23;5;2;-;1;2;-;2;1;11;7;76
"270610 Ouro Branco";3;11;-;6;1;2;-;-;21;3;4;-;-;1;-;2;-;4;8;66
"270620 Palestina";-;4;1;4;-;-;-;-;9;2;-;1;-;1;-;1;-;-;6;29
"270630 Palmeira dos Índios";42;81;7;48;2;10;-;-;142;71;41;-;1;7;-;16;5;45;79;597
"270640 Pão de Açúcar";7;15;-;11;1;2;-;-;41;11;3;1;1;2;-;4;3;4;19;125
"270642 Pariconha";1;6;-;5;1;1;-;-;26;5;2;-;-;2;-;2;-;9;4;64
"270644 Paripueira";3;8;-;6;-;-;-;-;16;5;3;-;-;2;1;1;1;-;8;54
"270650 Passo de Camaragibe";6;6;-;7;-;-;-;-;22;5;5;-;-;1;-;3;-;6;12;73
"270660 Paulo Jacinto";-;4;-;8;1;-;-;-;9;4;1;-;-;1;-;1;-;1;9;39
"270670 Penedo";11;40;2;72;5;3;-;-;90;22;28;-;1;3;2;11;3;38;40;371
"270680 Piaçabuçu";2;10;-;11;-;2;-;-;32;7;6;-;-;2;-;4;-;3;25;104
"270690 Pilar";8;23;1;29;2;5;-;-;71;15;10;-;2;4;1;7;2;4;69;253
"270700 Pindoba";-;3;-;2;-;1;-;-;9;2;1;-;-;1;-;-;-;-;-;19
"270710 Piranhas";4;14;-;10;-;-;-;-;25;6;1;-;1;3;-;1;1;11;24;101
"270720 Poço das Trincheiras";1;4;-;-;-;1;-;-;16;9;1;-;6;4;-;1;1;2;10;56
"270730 Porto Calvo";7;11;-;27;-;3;-;-;41;14;18;-;-;2;-;4;2;2;18;149
"270740 Porto de Pedras";4;5;-;7;1;1;-;-;9;4;4;-;1;-;-;-;1;2;7;46
"270750 Porto Real do Colégio";4;6;-;8;-;-;-;-;22;5;7;-;1;-;-;3;2;3;26;87
"270760 Quebrangulo";2;5;1;7;-;-;-;-;30;8;4;-;-;1;-;1;2;6;9;76
"270770 Rio Largo";18;44;6;43;6;2;-;-;105;39;35;2;1;9;-;14;6;39;101;470
"270780 Roteiro";4;2;-;2;-;-;-;-;10;5;1;-;-;-;-;-;1;2;8;35
"270790 Santa Luzia do Norte";1;4;-;5;2;-;-;-;15;3;5;-;-;1;-;2;-;-;5;43
"270800 Santana do Ipanema";21;27;2;20;3;1;-;-;92;36;11;5;2;3;1;8;-;10;60;302
"270810 Santana do Mundaú";2;5;1;2;-;2;-;-;21;4;4;-;-;1;-;3;1;2;4;52
"270820 São Brás";2;5;-;1;-;1;-;-;8;3;2;-;-;-;-;-;1;3;4;30
"270830 São José da Laje";8;17;1;11;1;4;-;-;45;21;13;1;-;-;-;3;3;7;27;162
"270840 São José da Tapera";8;18;1;18;1;2;-;-;50;13;7;-;1;1;-;6;3;10;36;175
"270850 São Luís do Quitunde";4;14;2;29;4;3;-;-;66;15;12;-;1;2;1;6;-;3;32;194
"270860 São Miguel dos Campos";14;44;3;30;2;4;-;-;85;37;24;1;2;2;-;10;3;13;65;339
"270870 São Miguel dos Milagres";2;5;-;1;-;-;-;-;11;4;4;-;-;2;-;-;-;-;6;35
"270880 São Sebastião";9;18;1;10;3;2;-;-;80;18;12;-;2;2;-;1;1;2;53;214
"270890 Satuba";4;12;-;10;-;1;-;-;28;3;2;-;-;2;-;-;-;2;30;94
"270895 Senador Rui Palmeira";3;8;-;11;-;-;-;-;21;4;5;-;-;-;-;1;-;5;9;67
"270900 Tanque d'Arca";-;3;-;1;-;2;-;-;7;3;2;-;-;2;-;1;-;6;11;38
"270910 Taquarana";5;11;1;6;-;-;-;-;40;7;8;-;-;1;-;4;1;18;28;130
"270915 Teotônio Vilela";7;16;2;34;6;6;-;-;71;20;10;-;-;4;-;7;3;9;55;250
"270920 Traipu";2;8;-;6;-;1;-;-;29;12;7;-;1;2;-;4;-;16;12;100
"270930 União dos Palmares";29;22;2;38;2;3;-;-;86;21;17;-;-;-;1;16;1;114;69;421
"270940 Viçosa";8;11;-;10;-;-;-;-;39;12;13;-;-;1;-;5;1;6;25;131
"270000 Município ignorado - AL";-;-;-;-;-;-;-;-;1;1;-;-;-;-;-;-;1;-;-;3
"280010 Amparo de São Francisco";-;3;-;-;-;1;-;-;3;1;-;-;-;-;-;-;-;2;2;12
"280020 Aquidabã";4;17;1;11;1;2;-;-;43;8;7;1;1;4;-;7;-;20;23;150
"280030 Aracaju";129;550;17;255;105;83;1;1;795;290;164;16;17;94;5;85;41;113;561;3322
"280040 Arauá";2;13;-;6;3;3;-;-;19;6;5;1;1;3;-;2;-;2;7;73
"280050 Areia Branca";5;15;-;9;4;-;-;-;33;7;4;-;-;1;-;2;1;3;26;110
"280060 Barra dos Coqueiros";4;10;-;8;5;2;-;-;39;20;9;-;-;7;1;4;2;4;26;141
"280067 Boquim";5;18;-;11;4;1;-;-;43;11;7;-;-;8;-;3;2;6;28;147
"280070 Brejo Grande";2;5;-;14;-;-;-;-;6;4;3;-;-;-;1;1;1;1;5;43
"280100 Campo do Brito";4;16;-;10;4;4;-;-;47;13;10;3;-;4;-;2;1;10;17;145
"280110 Canhoba";-;1;1;1;1;-;-;-;11;2;2;-;-;-;-;1;1;1;1;23
"280120 Canindé de São Francisco";5;13;-;10;6;4;-;-;33;12;4;1;-;1;-;3;5;4;28;129
"280130 Capela";7;23;-;14;9;2;-;-;46;18;11;-;-;3;-;7;3;6;27;176
"280140 Carira";6;20;-;5;5;2;-;-;36;14;8;-;-;3;-;4;2;13;26;144
"280150 Carmópolis";6;11;-;6;2;1;-;-;14;4;2;-;-;2;-;3;2;6;11;70
"280160 Cedro de São João";3;5;-;5;1;-;-;-;10;3;1;-;-;1;-;1;-;2;5;37
"280170 Cristinápolis";4;4;-;5;-;2;-;-;22;7;4;-;-;3;-;1;1;14;15;82
"280190 Cumbe";-;3;-;2;-;-;-;-;10;2;3;-;1;1;-;-;-;-;2;24
"280200 Divina Pastora";3;4;-;2;1;1;-;-;6;4;1;-;-;-;1;-;-;-;5;28
"280210 Estância";18;49;3;39;11;9;-;-;108;45;21;3;1;10;1;4;4;6;75;407
"280220 Feira Nova";-;4;-;6;-;1;-;-;5;3;1;-;-;1;-;-;-;3;13;37
"280230 Frei Paulo";2;6;-;12;-;2;-;-;26;8;6;-;-;-;-;3;-;4;9;78
"280240 Gararu";-;7;-;5;1;2;-;-;15;4;2;-;-;2;-;1;-;4;6;49
"280250 General Maynard";-;2;-;2;-;-;-;-;6;3;3;-;-;1;-;-;-;-;4;21
"280260 Gracho Cardoso";-;3;-;1;-;1;-;-;13;3;3;-;-;-;-;2;-;2;4;32
"280270 Ilha das Flores";1;2;-;4;1;1;-;-;17;4;4;-;-;2;-;1;1;4;14;56
"280280 Indiaroba";5;13;1;5;-;2;-;-;22;14;2;-;-;1;-;2;2;1;12;82
"280290 Itabaiana";14;61;2;46;18;20;-;-;134;38;30;4;3;9;1;13;8;23;131;555
"280300 Itabaianinha";7;19;2;21;7;2;-;-;55;14;17;-;-;4;1;2;4;9;46;210
"280310 Itabi";2;7;-;2;2;-;-;-;11;2;-;-;-;-;-;1;-;3;2;32
"280320 Itaporanga d'Ajuda";5;25;-;15;2;1;-;-;48;6;3;1;1;4;-;5;2;7;29;154
"280330 Japaratuba";3;17;-;7;1;4;-;-;23;8;3;2;-;-;-;2;-;3;17;90
"280340 Japoatã";-;9;1;4;2;3;-;-;32;9;8;-;-;2;-;-;1;10;9;90
"280350 Lagarto";19;77;5;38;20;12;-;1;116;80;30;-;1;15;1;7;6;41;94;563
"280360 Laranjeiras";7;12;1;14;2;1;-;-;32;7;5;-;1;1;1;6;-;1;39;130
"280370 Macambira";-;2;-;6;4;-;-;-;10;9;1;-;-;1;1;1;1;4;6;46
"280380 Malhada dos Bois";1;3;-;1;-;-;-;-;7;2;2;1;-;-;-;-;-;1;6;24
"280390 Malhador";1;5;2;6;1;1;-;-;14;5;4;-;-;1;-;2;-;4;16;62
"280400 Maruim";4;11;1;12;3;1;-;-;25;8;6;1;-;2;-;6;1;5;21;107
"280410 Moita Bonita";2;7;-;8;-;-;-;-;26;6;3;1;-;2;-;1;1;2;15;74
"280420 Monte Alegre de Sergipe";5;4;1;4;1;-;-;-;16;5;2;-;-;1;-;-;2;5;12;58
"280430 Muribeca";-;8;2;2;4;-;-;-;19;3;3;-;1;1;-;4;-;3;8;58
"280440 Neópolis";5;15;-;18;10;2;-;-;33;12;6;1;-;1;-;6;-;5;17;131
"280445 Nossa Senhora Aparecida";3;8;2;5;2;2;-;-;17;4;3;-;-;3;-;-;-;4;11;64
"280450 Nossa Senhora da Glória";5;20;1;11;1;2;-;-;51;13;5;-;-;4;2;2;-;5;25;147
"280460 Nossa Senhora das Dores";6;19;-;15;9;1;-;-;52;17;7;1;-;3;1;7;2;12;30;182
"280470 Nossa Senhora de Lourdes";-;5;-;1;1;-;-;-;8;3;-;-;-;-;-;-;-;7;5;30
"280480 Nossa Senhora do Socorro";33;95;7;60;33;15;-;-;167;66;50;7;-;22;-;24;13;26;163;781
"280490 Pacatuba";3;4;-;12;2;3;-;-;20;4;5;1;-;2;-;3;-;7;12;78
"280500 Pedra Mole";-;1;-;1;-;1;-;-;8;1;-;-;-;-;1;2;-;-;1;16
"280510 Pedrinhas";2;7;1;3;2;-;-;-;6;5;5;-;-;5;-;3;1;3;10;53
"280520 Pinhão";1;5;-;5;1;-;-;-;13;2;1;1;-;1;-;1;-;1;2;34
"280530 Pirambu";-;7;1;2;1;1;-;-;10;-;1;-;-;1;-;-;-;2;9;35
"280540 Poço Redondo";3;13;-;5;-;-;-;-;22;2;5;-;-;1;-;2;2;31;30;116
"280550 Poço Verde";5;18;3;17;1;-;-;-;27;9;9;-;-;3;-;1;3;36;24;156
"280560 Porto da Folha";3;10;1;8;1;3;-;-;28;10;4;1;-;5;-;5;5;10;19;113
"280570 Propriá";6;23;2;25;7;3;-;-;59;20;7;1;-;1;-;4;2;18;41;219
"280580 Riachão do Dantas";2;17;1;12;-;1;-;-;45;6;3;1;-;-;-;3;1;12;20;124
"280590 Riachuelo";5;3;1;5;2;2;-;-;9;5;-;-;-;1;-;3;2;3;8;49
"280600 Ribeirópolis";3;9;-;7;3;1;-;-;25;10;3;1;-;4;-;1;1;12;18;98
"280610 Rosário do Catete";1;4;-;2;2;2;-;-;15;6;2;-;1;-;-;-;1;4;11;51
"280620 Salgado";6;11;2;1;2;3;-;-;18;7;5;-;-;4;-;2;2;21;9;93
"280630 Santa Luzia do Itanhy";5;4;-;2;-;1;-;-;25;5;6;-;-;1;1;-;1;8;10;69
"280650 Santa Rosa de Lima";1;2;-;1;-;1;-;-;6;3;2;-;-;-;-;1;-;5;2;24
"280640 Santana do São Francisco";1;2;-;4;-;-;-;-;7;3;1;-;-;-;-;1;-;1;2;22
"280660 Santo Amaro das Brotas";10;18;-;13;2;1;-;-;17;5;-;-;1;-;-;1;-;6;13;87
"280670 São Cristóvão";18;59;1;27;18;9;-;-;81;35;28;2;1;6;2;18;7;56;90;458
"280680 São Domingos";4;6;-;4;1;-;-;-;23;4;2;-;-;-;-;2;1;4;11;62
"280690 São Francisco";-;2;-;-;1;-;-;-;5;-;3;-;-;-;-;-;-;1;3;15
"280700 São Miguel do Aleixo";1;2;-;-;-;-;-;-;7;3;1;-;-;1;-;-;-;4;2;21
"280710 Simão Dias";13;31;2;25;10;7;-;-;70;33;11;-;-;3;-;3;1;27;34;270
"280720 Siriri";-;6;1;2;6;3;-;-;9;2;3;-;-;-;-;2;-;1;5;40
"280730 Telha";-;1;1;1;-;-;-;-;6;2;-;-;-;-;-;1;-;4;1;17
"280740 Tobias Barreto";8;50;6;41;7;9;-;-;93;20;16;1;-;3;1;6;1;32;47;341
"280750 Tomar do Geru";3;11;-;5;3;1;-;-;27;8;5;-;-;2;1;3;-;3;15;87
"280760 Umbaúba";5;19;-;7;2;2;-;-;49;8;10;-;-;-;-;5;1;1;27;136
"280000 Município ignorado - SE";4;2;1;1;-;-;-;-;1;1;5;-;-;-;-;-;-;11;35;61
"290010 Abaíra";2;6;-;3;1;-;-;-;18;4;1;-;1;2;-;2;1;3;7;51
"290020 Abaré";6;6;-;6;-;1;-;-;19;8;4;-;-;-;1;1;2;1;16;71
"290030 Acajutiba";4;10;-;13;2;-;-;-;30;6;5;1;-;-;-;1;1;15;17;105
"290035 Adustina";6;11;-;9;2;3;-;-;27;2;2;-;-;2;-;1;-;6;14;85
"290040 Água Fria";3;2;1;6;2;-;-;-;12;6;3;-;1;1;-;2;-;25;7;71
"290060 Aiquara";1;4;1;2;-;-;-;-;6;2;3;-;-;1;-;-;-;8;1;29
"290070 Alagoinhas";36;151;11;120;8;6;-;-;234;83;54;2;4;23;3;32;13;87;174;1041
"290080 Alcobaça";1;12;-;9;6;1;-;-;25;4;7;-;-;2;-;3;1;20;31;122
"290090 Almadina";-;8;-;9;2;1;-;-;16;6;2;1;-;2;-;1;1;4;7;60
"290100 Amargosa";16;36;5;17;5;3;-;-;70;27;8;-;3;6;-;2;1;18;23;240
"290110 Amélia Rodrigues";8;19;1;10;1;3;-;-;42;10;12;1;1;4;-;3;-;17;12;144
"290115 América Dourada";3;15;2;6;-;3;-;-;19;4;3;-;1;2;1;-;-;6;11;76
"290120 Anagé";6;13;-;7;2;4;-;-;33;7;6;-;2;1;-;3;-;53;16;153
"290130 Andaraí";3;8;1;5;1;-;-;-;16;1;3;-;-;-;1;2;-;16;10;67
"290135 Andorinha";9;9;-;7;-;1;-;-;18;3;2;-;-;2;1;-;-;24;1;77
"290140 Angical";3;14;-;6;2;1;-;-;23;11;5;1;1;2;-;1;1;14;6;91
"290150 Anguera";5;7;-;5;1;1;-;-;19;17;4;1;-;1;-;-;-;5;1;67
"290160 Antas";1;11;1;10;3;2;-;-;25;4;5;-;-;1;1;-;-;9;8;81
"290170 Antônio Cardoso";1;4;-;4;2;1;-;-;18;12;3;-;1;1;-;1;-;14;6;68
"290180 Antônio Gonçalves";1;5;-;-;-;-;-;-;3;4;4;-;-;1;1;1;1;35;4;60
"290190 Aporá";4;11;2;8;1;1;-;-;17;14;5;-;1;2;-;4;2;16;17;105
"290195 Apuarema";3;6;-;5;2;-;-;-;8;-;-;-;-;-;-;1;-;4;5;34
"290205 Araças";5;8;1;2;3;-;-;-;17;4;5;-;-;1;-;-;1;12;6;65
"290200 Aracatu";2;8;-;2;-;1;-;-;22;5;2;-;-;1;-;3;-;12;12;70
"290210 Araci";11;32;2;23;5;2;-;-;63;13;8;1;2;4;3;10;3;56;19;257
"290220 Aramari";3;6;-;5;1;1;-;-;9;4;6;-;-;1;-;-;1;5;7;49
"290225 Arataca";3;9;-;4;-;1;-;-;13;3;2;1;1;-;-;1;1;16;11;66
"290230 Aratuípe";6;8;-;4;-;-;-;-;16;2;3;-;-;1;-;3;-;3;7;53
"290240 Aurelino Leal";4;6;1;11;2;1;-;-;17;4;7;1;-;4;-;6;-;17;9;90
"290250 Baianópolis";2;6;1;-;-;1;-;-;5;4;2;-;-;1;-;2;-;16;8;48
"290260 Baixa Grande";7;14;2;15;6;1;-;-;20;4;6;-;1;2;-;1;1;27;9;116
"290265 Banzaê";2;8;1;11;1;1;-;-;19;5;2;1;-;-;-;-;-;13;9;73
"290270 Barra";6;21;2;19;5;4;-;-;68;15;12;-;1;3;1;10;5;9;46;227
"290280 Barra da Estiva";12;15;1;10;3;-;-;-;31;13;10;1;-;3;-;3;-;1;10;113
"290290 Barra do Choça";8;26;2;18;-;2;-;-;54;14;15;1;1;2;1;6;2;16;30;198
"290300 Barra do Mendes";1;11;3;5;3;6;-;-;22;6;4;-;-;2;1;1;-;5;11;81
"290310 Barra do Rocha";3;3;-;3;-;-;-;-;8;1;2;-;-;-;-;1;-;1;3;25
"290320 Barreiras";51;80;2;40;11;14;-;-;168;111;31;4;2;16;-;25;6;23;156;740
"290323 Barro Alto";4;7;-;6;-;1;-;-;29;8;2;-;1;1;-;2;-;4;10;75
"290330 Barro Preto";3;9;-;6;-;-;-;-;12;4;2;-;-;2;-;2;-;4;10;54
"290327 Barrocas";5;3;-;4;1;-;-;-;12;4;2;1;-;1;-;3;-;11;9;56
"290340 Belmonte";14;10;1;12;1;1;-;-;49;7;9;1;-;6;5;5;-;1;10;132
"290350 Belo Campo";7;6;-;6;1;3;-;-;27;6;6;1;1;3;1;3;2;29;16;118
"290360 Biritinga";1;4;-;10;2;2;-;-;21;9;1;-;-;-;-;1;1;28;6;86
"290370 Boa Nova";3;18;-;9;1;1;-;-;29;3;5;-;-;2;-;1;1;15;13;101
"290380 Boa Vista do Tupim";5;9;-;5;1;1;-;-;21;3;5;2;1;2;-;1;1;16;10;83
"290390 Bom Jesus da Lapa";13;26;2;20;-;-;-;-;68;21;11;1;1;2;-;12;1;80;39;297
"290395 Bom Jesus da Serra";1;6;-;3;1;1;-;-;12;3;4;-;-;1;-;1;-;9;6;48
"290400 Boninal";2;7;-;2;1;1;-;-;14;1;1;-;-;-;-;2;1;37;8;77
"290405 Bonito";11;6;-;1;-;1;-;-;16;7;1;-;1;1;-;1;-;7;12;65
"290410 Boquira";4;15;-;14;3;3;-;-;39;5;4;1;2;2;1;6;1;3;13;116
"290420 Botuporã";2;7;1;6;-;1;-;-;21;7;1;-;-;2;-;1;-;4;2;55
"290430 Brejões";3;10;1;10;1;2;-;-;17;9;-;-;-;1;1;2;1;3;3;64
"290440 Brejolândia";-;4;-;-;1;-;-;-;7;2;6;-;-;-;-;-;-;11;6;37
"290450 Brotas de Macaúbas";2;6;-;6;2;7;-;-;39;3;2;-;1;2;-;1;-;4;7;82
"290460 Brumado";12;58;4;15;7;6;-;-;69;40;18;2;2;10;-;11;5;46;51;356
"290470 Buerarema";5;16;-;7;1;3;-;-;28;15;8;-;-;-;-;4;2;20;15;124
"290475 Buritirama";4;8;-;1;1;2;-;-;28;5;1;-;-;2;1;7;1;2;9;72
"290480 Caatiba";-;5;1;2;2;-;-;-;11;3;2;-;-;-;-;3;-;7;5;41
"290485 Cabaceiras do Paraguaçu";6;13;-;11;2;1;-;-;28;7;5;-;-;1;-;1;2;4;17;98
"290490 Cachoeira";10;22;2;28;2;3;-;-;56;14;11;2;-;11;-;5;-;8;24;198
"290500 Caculé";2;19;-;7;2;2;-;-;26;13;6;1;1;2;1;1;-;7;16;106
"290510 Caém";2;3;1;-;1;-;-;-;14;5;-;-;-;1;-;1;-;8;8;44
"290515 Caetanos";5;6;1;4;2;2;-;-;22;4;4;1;-;1;-;2;1;6;8;69
"290520 Caetité";14;30;6;17;1;3;-;-;62;16;19;1;-;6;3;8;4;39;38;267
"290530 Cafarnaum";7;11;-;4;4;1;-;-;18;3;-;-;-;-;-;2;-;40;10;100
"290540 Cairu";2;5;-;4;1;-;-;-;13;3;1;-;1;1;-;4;2;2;6;45
"290550 Caldeirão Grande";3;7;1;5;-;1;-;-;14;3;2;-;-;1;1;-;-;22;3;63
"290560 Camacan";9;21;2;17;3;-;-;-;50;10;13;1;1;5;-;11;2;57;34;236
"290570 Camaçari";54;154;4;63;14;15;-;-;300;87;72;3;-;18;4;37;12;58;296;1191
"290580 Camamu";2;11;1;15;1;2;-;-;34;8;6;-;1;2;-;13;1;31;32;160
"290590 Campo Alegre de Lourdes";5;16;-;9;1;1;-;-;50;9;9;-;-;2;-;4;-;8;10;124
"290600 Campo Formoso";13;31;4;10;2;5;-;-;77;17;8;1;-;3;-;10;4;102;40;327
"290610 Canápolis";-;1;-;1;-;-;-;-;4;-;-;-;-;-;-;1;-;-;7;14
"290620 Canarana";6;18;1;16;6;-;-;-;34;2;10;-;-;4;1;6;1;10;19;134
"290630 Canavieiras";8;21;1;26;3;4;-;-;58;15;4;-;-;2;-;5;1;33;37;218
"290640 Candeal";1;7;-;4;-;-;-;-;12;2;7;-;-;1;-;1;-;21;6;62
"290650 Candeias";44;59;5;35;3;12;-;-;129;29;25;1;-;4;2;11;6;13;85;463
"290660 Candiba";8;15;-;1;-;1;-;-;20;5;4;2;-;3;-;-;2;4;14;79
"290670 Cândido Sales";12;7;-;9;2;1;-;-;41;11;12;1;-;1;-;5;-;51;27;180
"290680 Cansanção";4;17;-;18;-;3;-;-;24;11;5;-;1;1;1;5;-;85;20;195
"290682 Canudos";5;12;2;3;-;-;-;-;11;7;-;1;-;2;-;2;-;23;9;77
"290685 Capela do Alto Alegre";-;8;1;2;-;-;-;-;10;3;4;1;-;1;-;1;-;13;9;53
"290687 Capim Grosso";3;16;1;13;1;2;-;-;23;9;5;-;1;2;1;3;3;39;31;153
"290689 Caraíbas";4;7;-;1;1;2;-;-;20;2;6;-;1;-;-;2;1;7;3;57
"290690 Caravelas";4;8;1;5;1;3;-;-;22;10;6;-;-;3;1;1;-;12;15;92
"290700 Cardeal da Silva";4;3;-;4;1;-;-;-;10;3;3;-;1;-;-;-;-;-;10;39
"290710 Carinhanha";10;8;2;7;-;-;-;-;24;4;6;-;-;3;-;6;1;13;15;99
"290720 Casa Nova";18;32;-;22;13;10;-;-;75;20;8;2;-;7;2;10;4;39;43;305
"290730 Castro Alves";6;18;3;20;-;-;-;-;42;9;8;1;-;4;-;1;2;59;11;184
"290740 Catolândia";-;1;-;-;-;1;-;-;4;-;-;-;-;-;-;2;-;7;1;16
"290750 Catu";17;30;2;40;7;5;1;-;73;11;17;2;-;5;2;8;4;8;38;270
"290755 Caturama";2;5;-;1;1;1;-;-;20;5;3;1;-;-;-;5;1;1;5;51
"290760 Central";2;8;2;6;2;-;-;-;32;5;5;-;-;-;1;-;2;11;14;90
"290770 Chorrochó";3;3;-;2;-;-;-;-;23;5;4;-;-;1;-;2;1;3;7;54
"290780 Cícero Dantas";8;30;1;39;7;2;-;-;65;12;12;1;-;5;-;5;-;17;25;229
"290790 Cipó";5;14;-;6;6;-;-;-;30;9;8;-;-;3;-;2;2;27;9;121
"290800 Coaraci";5;19;-;10;-;2;-;-;52;19;8;2;-;4;-;5;-;33;14;173
"290810 Cocos";2;4;-;1;2;-;-;-;13;4;2;2;-;1;-;5;1;26;7;70
"290820 Conceição da Feira";5;23;2;11;1;1;-;-;34;5;8;-;-;-;-;2;2;11;12;117
"290830 Conceição do Almeida";15;15;1;13;5;2;-;-;35;8;2;-;1;2;-;-;1;20;4;124
"290840 Conceição do Coité";22;41;1;38;1;6;-;-;97;25;14;2;-;2;1;11;5;71;38;375
"290850 Conceição do Jacuípe";6;20;-;13;1;3;-;-;41;5;13;-;1;3;-;6;2;21;25;160
"290860 Conde";5;15;1;9;-;3;-;-;23;5;12;1;3;1;-;4;2;20;21;125
"290870 Condeúba";2;20;1;9;1;4;-;-;30;10;5;-;1;2;-;3;-;13;15;116
"290880 Contendas do Sincorá";5;2;-;5;-;1;-;-;6;2;-;-;-;-;-;-;-;-;3;24
"290890 Coração de Maria";4;9;-;1;2;2;-;-;18;8;8;-;-;3;-;5;2;64;16;142
"290900 Cordeiros";1;4;-;-;-;-;-;-;5;5;1;-;-;-;-;2;-;10;10;38
"290910 Coribe";5;9;-;9;1;3;-;-;14;10;-;-;-;-;-;-;1;11;7;70
"290920 Coronel João Sá";3;13;-;7;-;4;-;-;14;3;5;1;-;2;-;2;1;11;14;80
"290930 Correntina";4;3;1;7;3;2;-;-;21;9;3;-;1;3;1;2;-;10;25;95
"290940 Cotegipe";3;4;2;-;1;-;-;-;15;4;-;-;-;-;-;1;-;28;4;62
"290950 Cravolândia";-;3;-;1;1;-;-;-;9;2;-;-;-;1;-;-;-;2;3;22
"290960 Crisópolis";4;4;-;7;-;1;-;-;25;7;3;-;-;1;-;-;2;50;15;119
"290970 Cristópolis";4;6;-;6;-;1;-;-;12;7;2;-;-;2;-;5;2;6;8;61
"290980 Cruz das Almas";23;57;2;34;6;6;-;-;137;38;15;2;1;6;1;5;3;19;42;397
"290990 Curaçá";8;22;4;9;3;2;-;-;39;15;2;2;-;3;-;7;2;19;32;169
"291000 Dário Meira";2;4;-;8;-;-;-;-;13;6;3;-;-;1;-;-;-;13;2;52
"291005 Dias d'Ávila";19;41;7;34;5;4;-;-;77;22;17;2;-;6;2;10;6;8;80;340
"291010 Dom Basílio";6;16;1;2;-;1;-;-;15;7;2;-;-;1;-;1;-;3;7;62
"291020 Dom Macedo Costa";4;1;-;2;2;-;-;-;6;1;1;-;-;1;-;-;1;1;7;27
"291030 Elísio Medrado";3;10;1;6;-;1;-;-;18;4;7;-;-;-;-;2;-;5;3;60
"291040 Encruzilhada";5;14;2;12;5;1;-;-;26;8;10;-;1;2;1;5;1;13;17;123
"291050 Entre Rios";12;26;-;14;6;2;-;-;64;11;13;-;-;5;2;6;4;36;34;235
"290050 Érico Cardoso";3;7;-;5;2;1;-;-;25;4;1;-;-;1;-;3;-;5;3;60
"291060 Esplanada";13;19;-;18;3;3;-;-;43;19;6;-;-;3;-;5;1;5;36;174
"291070 Euclides da Cunha";10;43;1;40;7;6;-;-;92;21;14;-;2;4;-;7;-;51;33;331
"291072 Eunápolis";19;79;3;46;3;7;-;-;182;49;26;2;2;14;1;13;6;15;136;603
"291075 Fátima";3;24;1;8;2;2;-;-;14;11;5;-;1;2;1;1;-;10;13;98
"291077 Feira da Mata";1;2;-;1;1;1;-;-;4;2;2;-;-;-;-;-;1;1;2;18
"291080 Feira de Santana";140;475;23;273;48;49;-;-;768;262;164;10;8;65;1;99;26;392;581;3384
"291085 Filadélfia";4;14;-;12;5;-;-;-;33;8;5;-;1;-;-;5;1;22;12;122
"291090 Firmino Alves";-;4;-;-;-;-;-;-;10;2;1;-;-;-;-;1;-;3;5;26
"291100 Floresta Azul";2;8;2;5;-;-;-;-;19;4;3;1;-;1;-;2;-;14;10;71
"291110 Formosa do Rio Preto";8;7;-;3;3;2;-;-;26;4;7;-;-;-;-;4;2;7;21;94
"291120 Gandu";3;19;4;25;1;3;-;-;34;9;9;-;-;4;1;7;1;16;19;155
"291125 Gavião";3;-;-;2;-;-;-;-;4;-;-;1;1;-;-;-;1;14;4;30
"291130 Gentio do Ouro";1;8;-;6;1;1;-;-;19;4;5;-;-;-;-;1;-;5;6;57
"291140 Glória";3;9;-;6;1;-;-;-;30;6;5;-;-;1;-;4;1;4;4;74
"291150 Gongogi";3;4;1;6;-;-;-;-;3;4;-;-;-;1;-;-;1;7;-;30
"291160 Governador Mangabeira";10;16;1;8;3;2;-;-;37;6;5;2;-;3;-;1;-;10;20;124
"291165 Guajeru";-;5;-;1;-;-;-;-;11;4;2;-;-;2;-;1;-;4;2;32
"291170 Guanambi";20;75;3;31;17;14;-;-;96;43;32;4;4;9;-;5;2;8;75;438
"291180 Guaratinga";7;12;-;8;1;-;-;-;21;10;4;-;-;1;-;-;2;2;20;88
"291185 Heliópolis";5;10;-;5;2;1;-;-;12;6;4;1;-;1;-;3;-;19;10;79
"291190 Iaçu";2;12;-;11;1;2;-;-;33;11;10;-;-;1;-;3;-;29;17;132
"291200 Ibiassucê";6;15;-;3;1;-;-;-;21;5;6;2;-;1;-;2;-;7;8;77
"291210 Ibicaraí";6;25;-;20;1;4;-;-;36;17;5;1;1;3;-;-;1;58;18;196
"291220 Ibicoara";3;9;-;7;1;2;-;-;20;5;2;-;1;1;-;5;1;2;13;72
"291230 Ibicuí";4;6;-;6;-;-;-;-;16;11;7;-;-;-;1;3;-;12;5;71
"291240 Ibipeba";3;12;-;7;-;2;-;-;26;2;4;1;-;1;-;1;-;4;12;75
"291250 Ibipitanga";6;14;-;5;2;-;-;-;20;7;4;-;-;4;-;2;-;6;8;78
"291260 Ibiquera";-;2;-;-;1;1;-;-;6;-;1;-;-;-;-;-;1;9;1;22
"291270 Ibirapitanga";5;8;-;10;2;-;-;-;25;11;4;-;-;-;-;6;-;22;19;112
"291280 Ibirapuã";1;10;-;3;1;-;-;-;14;1;2;-;-;1;-;-;-;6;6;45
"291290 Ibirataia";1;14;-;27;2;1;-;-;33;9;7;1;-;2;-;5;1;22;10;135
"291300 Ibitiara";5;7;1;4;2;1;-;-;28;7;5;-;1;-;1;3;-;33;10;108
"291310 Ibititá";5;7;-;8;-;3;-;-;20;8;10;-;-;-;-;6;1;50;12;130
"291320 Ibotirama";8;17;3;10;2;5;-;-;45;15;14;-;-;1;-;7;1;33;21;182
"291330 Ichu";-;7;-;3;-;-;-;-;12;3;-;-;-;1;1;1;-;5;5;38
"291340 Igaporã";6;16;-;3;-;-;-;-;20;13;4;1;1;-;-;5;-;2;10;81
"291345 Igrapiúna";2;6;-;3;-;-;-;-;9;1;2;-;-;1;-;1;1;5;3;34
"291350 Iguaí";5;26;-;15;3;2;-;-;50;11;7;-;-;10;-;-;-;16;10;155
"291360 Ilhéus";49;122;11;116;17;15;-;-;282;80;34;10;10;23;2;36;13;225;238;1283
"291370 Inhambupe";9;20;2;12;4;-;-;-;62;24;12;-;1;3;1;8;-;39;26;223
"291380 Ipecaetá";3;10;-;10;3;-;-;-;19;4;3;-;-;1;-;2;2;23;9;89
"291390 Ipiaú";13;38;-;37;3;7;-;-;70;16;15;1;-;4;-;5;-;57;48;314
"291400 Ipirá";13;41;1;27;13;5;-;1;60;18;19;3;-;1;1;6;5;125;42;381
"291410 Ipupiara";1;6;3;10;1;2;-;-;20;5;4;-;-;2;-;-;-;-;6;60
"291420 Irajuba";1;5;-;1;-;-;-;-;13;3;2;-;-;-;-;-;-;19;2;46
"291430 Iramaia";1;7;1;3;-;1;-;-;16;5;2;-;-;-;-;1;-;12;6;55
"291440 Iraquara";6;14;4;10;4;-;-;-;41;8;5;-;-;1;-;8;1;10;19;131
"291450 Irará";7;14;1;8;2;1;-;-;31;12;8;1;-;3;-;1;1;60;14;164
"291460 Irecê";18;51;8;17;6;4;-;-;73;24;16;-;-;8;2;16;6;1;66;316
"291465 Itabela";9;18;2;18;1;1;-;-;64;13;8;-;-;2;1;4;-;13;58;212
"291470 Itaberaba";15;57;3;51;5;6;-;-;117;21;21;-;1;18;-;15;3;41;54;428
"291480 Itabuna";61;229;15;116;18;26;-;-;334;152;65;7;1;27;-;46;13;137;248;1495
"291490 Itacaré";5;9;-;11;-;-;-;-;18;9;2;-;-;1;-;2;3;8;27;95
"291500 Itaeté";3;12;2;2;-;1;-;-;15;4;3;-;-;1;-;1;-;6;5;55
"291510 Itagi";4;11;1;12;2;1;-;-;38;10;3;-;-;2;-;3;-;5;9;101
"291520 Itagibá";4;8;1;21;4;-;-;1;29;3;5;-;-;-;-;2;1;9;17;105
"291530 Itagimirim";2;5;-;5;-;-;-;-;7;3;1;-;-;2;-;1;-;26;4;56
"291535 Itaguaçu da Bahia";2;4;-;2;-;-;-;-;11;4;2;-;1;2;-;-;1;13;10;52
"291540 Itaju do Colônia";1;1;-;4;-;-;-;-;9;6;-;-;-;-;-;-;-;14;8;43
"291550 Itajuípe";4;17;-;33;5;1;-;-;38;17;6;-;-;3;-;7;1;16;15;163
"291560 Itamaraju";16;45;2;29;1;1;-;-;92;19;13;2;-;2;2;11;5;73;77;390
"291570 Itamari";1;4;2;12;1;1;-;-;14;-;6;-;-;-;1;-;-;3;3;48
"291580 Itambé";5;9;1;6;1;-;-;-;23;9;9;1;-;1;-;5;-;53;9;132
"291590 Itanagra";2;2;-;2;-;-;-;-;10;3;3;-;-;-;-;2;-;5;6;35
"291600 Itanhém";3;23;1;8;-;3;-;-;46;12;5;1;1;2;-;2;-;20;13;140
"291610 Itaparica";8;16;3;22;2;3;-;-;24;9;5;1;-;2;-;1;-;4;21;121
"291620 Itapé";3;11;-;13;-;1;-;-;16;7;5;2;1;3;-;1;1;8;5;77
"291630 Itapebi";3;5;-;8;-;1;-;-;11;5;5;1;-;1;2;1;-;3;19;65
"291640 Itapetinga";15;50;4;34;7;6;-;-;113;52;19;2;1;11;4;13;2;44;58;435
"291650 Itapicuru";5;12;-;5;2;-;-;1;24;11;5;-;-;5;1;5;2;68;6;152
"291660 Itapitanga";1;9;-;3;-;2;-;-;15;6;1;-;-;-;-;2;1;12;5;57
"291670 Itaquara";2;2;-;5;-;-;-;-;13;3;3;-;-;1;-;3;-;10;2;44
"291680 Itarantim";1;9;-;8;1;1;-;-;27;6;4;-;-;2;-;5;1;4;5;74
"291685 Itatim";2;8;1;12;1;-;-;-;28;2;5;1;-;1;-;5;1;9;13;89
"291690 Itiruçu";5;6;1;6;-;-;-;-;22;3;6;-;-;-;-;2;1;27;10;89
"291700 Itiúba";5;13;1;22;5;4;-;-;53;10;10;1;1;4;-;4;3;21;25;182
"291710 Itororó";3;11;-;13;-;1;-;-;44;8;8;-;-;1;1;6;-;19;17;132
"291720 Ituaçu";7;26;1;8;-;3;-;-;29;13;7;1;2;-;-;3;1;13;11;125
"291730 Ituberá";5;9;2;13;1;2;-;-;37;8;7;-;1;1;1;5;2;27;29;150
"291733 Iuiú";2;3;-;6;1;-;-;-;13;7;5;-;-;-;-;5;1;9;5;57
"291735 Jaborandi";2;6;-;1;1;-;-;-;12;6;1;-;-;-;-;-;-;2;6;37
"291740 Jacaraci";5;13;2;9;-;2;-;-;31;2;4;-;1;2;1;-;1;15;11;99
"291750 Jacobina";21;49;4;53;7;5;-;-;131;28;20;-;-;6;1;10;3;123;79;540
"291760 Jaguaquara";12;39;2;34;8;2;-;-;74;25;11;2;1;3;-;4;1;57;32;307
"291770 Jaguarari";6;12;2;8;1;2;-;-;28;17;8;-;-;3;-;6;1;88;18;200
"291780 Jaguaripe";5;11;-;8;-;1;-;-;23;6;2;-;-;1;-;2;3;7;9;78
"291790 Jandaíra";4;3;-;3;-;2;-;-;17;3;5;-;-;1;-;1;-;2;6;47
"291800 Jequié";35;104;10;92;6;15;-;-;207;84;44;4;1;19;2;31;10;225;142;1031
"291810 Jeremoabo";4;24;1;30;6;2;-;-;72;8;13;1;-;2;-;9;3;8;21;204
"291820 Jiquiriçá";2;6;-;2;-;1;-;-;17;7;4;-;-;-;-;1;-;32;5;77
"291830 Jitaúna";1;10;1;7;-;1;-;-;16;9;4;-;-;1;-;5;1;19;6;81
"291835 João Dourado";7;13;4;4;2;-;-;-;13;7;4;1;-;4;1;5;-;5;10;80
"291840 Juazeiro";65;195;1;64;9;34;-;-;261;84;61;5;3;22;5;37;10;173;202;1231
"291845 Jucuruçu";-;2;-;1;-;-;-;-;16;2;2;-;-;2;-;3;1;18;8;55
"291850 Jussara";5;8;-;13;3;-;-;-;14;7;10;-;-;1;-;3;3;2;13;82
"291855 Jussari";2;5;-;4;-;1;-;-;6;1;3;-;-;2;-;-;-;7;8;39
"291860 Jussiape";2;7;1;3;-;3;-;-;34;6;2;-;-;1;-;-;1;3;3;66
"291870 Lafaiete Coutinho";-;6;-;2;-;1;-;-;9;4;-;-;-;-;-;-;-;4;2;28
"291875 Lagoa Real";5;5;-;5;-;2;-;-;10;2;1;-;-;-;-;1;1;6;4;42
"291880 Laje";4;14;2;16;-;1;-;-;35;4;4;-;-;5;-;5;1;5;11;107
"291890 Lajedão";-;4;1;3;-;-;-;-;3;-;4;-;-;-;-;2;-;5;2;24
"291900 Lajedinho";1;1;-;-;-;-;-;-;5;3;-;-;-;-;-;-;-;1;23;34
"291905 Lajedo do Tabocal";-;7;-;3;-;1;-;-;14;3;4;-;-;1;-;-;-;7;4;44
"291910 Lamarão";1;2;-;2;-;2;-;-;10;2;1;-;-;-;-;-;-;13;7;40
"291915 Lapão";7;22;2;18;3;2;-;-;29;15;10;-;-;2;1;3;2;7;19;142
"291920 Lauro de Freitas";54;162;4;66;13;21;-;-;196;92;43;4;7;20;2;31;15;58;254;1042
"291930 Lençóis";1;8;-;7;-;2;-;-;14;3;4;1;-;1;-;-;1;8;6;56
"291940 Licínio de Almeida";2;13;-;7;-;1;-;1;13;3;2;-;1;-;-;1;-;3;6;53
"291950 Livramento de Nossa Senhora";13;31;1;18;-;5;-;-;48;24;12;-;-;3;-;5;1;17;27;205
"291955 Luís Eduardo Magalhães";7;20;3;6;1;2;-;-;37;12;3;2;-;5;1;21;-;33;67;220
"291960 Macajuba";5;3;-;8;1;-;-;-;25;2;4;-;-;1;-;2;-;21;4;76
"291970 Macarani";5;11;-;10;2;2;-;-;27;13;6;-;-;5;1;5;-;25;17;129
"291980 Macaúbas";11;27;3;14;-;5;-;-;58;15;10;1;-;4;-;5;2;72;19;246
"291990 Macururé";5;4;-;5;-;1;-;-;8;3;1;-;2;-;-;-;-;2;6;37
"291992 Madre de Deus";10;16;1;2;1;4;-;-;17;7;4;-;-;3;-;3;2;4;19;93
"291995 Maetinga";-;5;-;2;-;1;-;-;21;1;2;-;2;1;-;-;-;2;2;39
"292000 Maiquinique";4;7;1;-;-;-;-;-;17;5;1;-;-;3;-;4;-;4;7;53
"292010 Mairi";9;18;-;19;1;2;-;-;31;9;6;1;-;1;-;4;1;25;11;138
"292020 Malhada";1;4;-;3;-;-;-;-;9;2;6;1;-;1;-;2;-;3;2;34
"292030 Malhada de Pedras";2;3;-;3;1;-;-;-;9;5;1;-;-;-;-;-;-;6;4;34
"292040 Manoel Vitorino";-;8;1;6;-;1;-;-;9;1;4;-;-;-;-;3;1;24;11;69
"292045 Mansidão";1;-;1;1;-;-;-;-;1;1;-;-;-;-;-;1;-;1;3;10
"292050 Maracás";9;25;1;11;-;-;-;-;36;17;7;-;-;-;-;3;-;20;15;144
"292060 Maragogipe";14;35;2;27;1;2;-;-;85;24;17;-;2;-;-;6;1;17;28;261
"292070 Maraú";3;4;-;3;1;-;-;-;12;1;2;-;1;-;-;-;-;10;8;45
"292080 Marcionílio Souza";1;4;2;4;1;-;-;-;11;-;-;-;-;1;-;-;2;11;4;41
"292090 Mascote";2;5;-;7;1;-;-;-;12;2;2;-;-;2;-;2;1;6;33;75
"292100 Mata de São João";10;38;5;14;4;5;-;-;53;13;11;1;1;2;-;11;2;10;52;232
"292105 Matina";2;9;1;2;1;-;-;-;15;1;2;-;1;-;-;1;-;3;2;40
"292110 Medeiros Neto";5;28;2;13;1;5;-;-;48;16;9;-;1;3;-;8;3;3;19;164
"292120 Miguel Calmon";13;11;2;21;4;3;-;-;39;13;5;-;-;3;1;3;2;55;24;199
"292130 Milagres";2;10;3;11;1;2;-;-;16;8;6;1;-;1;-;-;-;2;7;70
"292140 Mirangaba";5;9;1;3;1;1;-;-;17;5;7;-;-;2;-;-;-;26;7;84
"292145 Mirante";1;2;-;1;-;-;-;-;10;1;1;-;-;1;-;-;1;15;3;36
"292150 Monte Santo";16;23;2;29;7;4;-;-;52;24;13;2;-;7;3;11;2;87;28;310
"292160 Morpará";-;5;-;-;-;-;-;-;9;4;1;-;-;2;-;1;1;9;7;39
"292170 Morro do Chapéu";19;25;-;25;2;1;-;-;66;15;4;1;1;-;2;13;-;27;12;213
"292180 Mortugaba";3;7;1;1;1;1;-;-;9;9;2;-;-;2;1;2;1;17;10;67
"292190 Mucugê";1;9;-;5;1;-;-;-;15;4;-;-;2;2;1;-;-;2;7;49
"292200 Mucuri";5;21;1;18;4;2;-;-;36;11;9;-;-;3;2;4;1;16;32;165
"292205 Mulungu do Morro";8;7;2;2;1;-;-;-;14;2;5;-;-;1;-;1;-;17;11;71
"292210 Mundo Novo";4;13;-;7;-;2;-;-;23;4;5;-;1;2;-;1;1;55;5;123
"292220 Muniz Ferreira";3;6;-;5;-;-;-;-;21;1;1;-;-;-;-;-;-;3;6;46
"292225 Muquém de São Francisco";1;3;-;5;1;1;-;-;13;3;2;-;-;-;-;2;-;5;14;50
"292230 Muritiba";6;15;3;20;3;3;-;-;58;14;8;-;-;3;-;3;2;5;25;168
"292240 Mutuípe";6;12;1;19;3;5;-;-;45;10;6;-;1;5;-;5;1;5;10;134
"292250 Nazaré";17;18;1;31;1;5;-;-;64;14;5;-;-;3;1;5;1;9;17;192
"292260 Nilo Peçanha";-;4;1;2;-;-;-;-;15;2;2;-;-;1;-;5;1;10;6;49
"292265 Nordestina";3;3;-;8;-;-;-;-;18;2;6;-;-;1;-;5;-;7;8;61
"292270 Nova Canaã";1;4;1;3;-;-;-;-;19;3;1;-;-;1;-;-;1;36;7;77
"292273 Nova Fátima";1;8;-;2;-;1;-;-;10;5;2;-;-;-;-;1;-;1;4;35
"292275 Nova Ibiá";2;2;-;2;2;-;-;-;10;1;-;-;-;-;-;1;-;8;7;35
"292280 Nova Itarana";-;5;-;4;2;-;-;-;10;1;-;-;-;-;-;2;-;12;1;37
"292285 Nova Redenção";-;7;1;3;1;-;-;-;7;3;-;-;-;-;-;-;3;24;5;54
"292290 Nova Soure";4;11;1;5;-;1;-;-;23;12;5;-;-;4;-;4;1;51;13;135
"292300 Nova Viçosa";11;28;-;14;2;5;-;-;55;22;7;-;-;1;1;12;1;20;47;226
"292303 Novo Horizonte";2;4;-;3;-;1;-;-;7;1;1;-;-;-;-;1;-;2;3;25
"292305 Novo Triunfo";1;8;1;1;-;-;-;-;8;2;1;-;-;1;-;-;-;11;3;37
"292310 Olindina";7;9;1;20;-;2;-;-;35;8;5;1;-;2;-;3;-;16;24;133
"292320 Oliveira dos Brejinhos";2;6;-;7;-;2;-;-;33;7;7;-;-;1;-;7;2;42;14;130
"292330 Ouriçangas";2;5;-;5;3;1;-;-;19;1;3;-;-;-;-;-;-;7;1;47
"292335 Ourolândia";6;4;-;5;1;2;-;-;19;-;2;-;-;3;1;3;1;28;13;88
"292340 Palmas de Monte Alto";6;13;1;4;-;2;-;-;29;5;3;-;-;3;-;5;-;5;22;98
"292350 Palmeiras";2;6;-;5;1;-;-;-;8;4;1;-;-;1;-;1;-;16;2;47
"292360 Paramirim";6;21;-;4;1;2;-;-;57;8;3;1;-;1;-;4;1;5;9;123
"292370 Paratinga";7;11;1;12;2;4;-;-;61;4;11;-;-;1;1;6;2;25;11;159
"292380 Paripiranga";16;15;-;19;2;7;-;-;58;11;7;-;-;4;-;1;1;19;24;184
"292390 Pau Brasil";3;5;1;11;1;-;-;-;19;1;2;-;-;1;-;1;-;8;8;61
"292400 Paulo Afonso";37;98;1;47;8;15;-;-;220;64;35;2;3;35;-;11;8;9;99;692
"292405 Pé de Serra";3;7;-;2;-;2;-;-;21;9;1;-;2;1;-;1;1;14;13;77
"292410 Pedrão";-;2;-;8;-;-;-;-;20;1;1;-;-;1;-;2;1;10;5;51
"292420 Pedro Alexandre";1;4;-;10;1;1;-;-;13;7;2;-;2;-;-;2;1;3;4;51
"292430 Piatã";2;10;-;4;3;2;-;-;20;6;4;-;-;1;-;5;1;16;11;85
"292440 Pilão Arcado";3;13;1;7;1;1;-;-;45;11;6;-;-;2;1;2;1;11;21;126
"292450 Pindaí";2;11;-;2;1;1;-;-;10;4;2;-;-;1;2;1;-;28;9;74
"292460 Pindobaçu";4;6;1;8;-;1;-;-;12;11;6;2;-;3;-;2;3;12;17;88
"292465 Pintadas";1;8;1;2;-;1;-;-;13;2;1;1;-;1;1;-;-;12;12;56
"292467 Piraí do Norte";-;1;-;-;1;-;-;-;11;4;2;-;-;-;-;2;-;-;7;28
"292470 Piripá";3;10;-;3;-;1;-;-;25;13;4;-;-;-;-;1;-;10;8;78
"292480 Piritiba";4;6;-;7;-;1;-;-;30;3;6;-;-;-;-;1;-;55;12;125
"292490 Planaltino";1;2;-;5;1;2;-;-;16;3;1;1;-;3;-;1;-;2;9;47
"292500 Planalto";4;12;-;14;2;3;-;-;38;7;13;-;1;7;-;5;-;31;21;158
"292510 Poções";9;40;3;41;2;1;-;-;94;17;19;4;-;8;2;8;4;43;38;333
"292520 Pojuca";5;26;-;10;2;1;-;-;32;23;7;2;-;3;-;3;-;3;52;169
"292525 Ponto Novo";4;14;-;15;2;2;-;-;32;2;1;-;-;3;-;2;-;17;15;109
"292530 Porto Seguro";33;55;7;29;10;14;-;-;151;45;30;3;1;14;3;22;7;23;171;618
"292540 Potiraguá";3;9;-;3;1;-;-;-;16;1;3;-;2;1;-;1;-;4;5;49
"292550 Prado";8;6;1;10;1;-;-;-;24;2;11;1;-;2;-;1;1;35;28;131
"292560 Presidente Dutra";-;10;3;5;1;1;-;-;32;4;3;-;2;2;1;1;-;3;16;84
"292570 Presidente Jânio Quadros";2;11;-;2;-;-;-;-;24;3;1;-;-;1;1;2;1;22;10;80
"292575 Presidente Tancredo Neves";4;10;-;12;-;1;-;-;24;3;1;-;-;2;-;3;1;29;35;125
"292580 Queimadas";3;7;-;6;-;-;-;-;13;5;3;-;-;2;1;2;1;66;17;126
"292590 Quijingue";12;8;1;10;-;-;-;-;22;4;5;-;-;-;-;5;-;71;8;146
"292593 Quixabeira";-;1;-;5;-;-;-;-;5;1;-;-;-;1;-;1;-;27;7;48
"292595 Rafael Jambeiro";6;11;2;13;1;1;-;-;26;9;9;-;1;2;-;2;-;27;14;124
"292600 Remanso";6;25;3;13;3;5;-;-;37;20;13;-;-;8;1;5;3;23;30;195
"292610 Retirolândia";-;7;-;8;-;-;-;-;18;5;1;-;-;2;1;3;1;23;3;72
"292620 Riachão das Neves";9;6;1;6;1;2;-;-;29;16;8;-;-;-;-;5;-;47;22;152
"292630 Riachão do Jacuípe";7;39;1;14;4;3;-;-;61;19;10;2;1;6;2;3;1;44;21;238
"292640 Riacho de Santana";11;22;-;4;1;-;-;-;30;10;5;-;-;2;-;8;-;63;15;171
"292650 Ribeira do Amparo";2;6;-;8;2;1;-;-;20;3;2;-;-;-;-;-;-;9;5;58
"292660 Ribeira do Pombal";7;27;2;11;2;5;-;-;54;28;13;-;1;6;1;7;2;82;40;288
"292665 Ribeirão do Largo";2;4;-;-;-;-;-;-;8;2;2;1;-;-;-;1;-;7;2;29
"292670 Rio de Contas";2;13;-;10;2;1;-;-;29;4;3;1;-;1;-;4;-;4;8;82
"292680 Rio do Antônio";1;4;-;2;-;-;-;-;21;6;1;1;-;1;-;1;1;1;5;45
"292690 Rio do Pires";3;12;1;3;1;1;-;-;22;6;1;1;-;2;-;3;-;9;4;69
"292700 Rio Real";8;22;4;32;3;5;-;-;51;13;8;-;1;5;-;6;2;15;36;211
"292710 Rodelas";1;5;1;2;1;1;-;-;17;6;2;-;-;-;1;-;-;2;7;46
"292720 Ruy Barbosa";7;18;3;27;-;1;-;-;59;9;11;1;-;3;-;6;1;56;26;228
"292730 Salinas da Margarida";3;9;1;12;-;2;-;-;17;1;2;-;1;-;-;-;1;7;8;64
"292740 Salvador";986;2748;108;807;147;366;-;-;3770;1626;859;83;121;419;24;397;156;506;2485;15608
"292750 Santa Bárbara";6;19;1;11;1;5;-;-;51;16;4;-;-;5;-;3;1;11;10;144
"292760 Santa Brígida";3;9;-;9;1;1;-;-;30;2;6;-;1;1;-;4;-;11;9;87
"292770 Santa Cruz Cabrália";9;11;-;9;1;1;-;-;36;4;12;-;1;1;1;2;2;7;43;140
"292780 Santa Cruz da Vitória";1;3;-;4;1;1;-;-;13;4;1;-;1;1;-;1;-;-;4;35
"292790 Santa Inês";1;9;1;11;-;-;-;-;11;9;7;-;-;1;-;8;-;12;19;89
"292805 Santa Luzia";2;8;-;4;-;1;-;-;10;4;3;-;-;2;-;2;2;16;22;76
"292810 Santa Maria da Vitória";11;20;-;14;2;2;-;-;59;17;7;-;1;2;-;4;1;55;22;217
"292840 Santa Rita de Cássia";8;12;1;10;-;2;-;-;30;17;5;1;-;4;1;7;1;9;22;130
"292850 Santa Teresinha";2;11;-;6;-;-;-;-;32;4;-;1;-;2;-;2;1;-;16;77
"292800 Santaluz";10;20;4;13;-;1;-;-;35;14;13;-;-;8;-;7;2;66;22;215
"292820 Santana";3;9;1;4;-;-;-;-;26;10;3;-;-;1;-;2;1;11;15;86
"292830 Santanópolis";1;11;-;8;2;-;-;-;14;4;1;-;-;-;-;1;-;7;6;55
"292860 Santo Amaro";20;40;5;35;4;6;-;-;93;29;16;-;1;5;-;3;4;22;34;317
"292870 Santo Antônio de Jesus";27;68;6;55;7;11;-;1;148;50;28;2;3;13;-;17;1;39;77;553
"292880 Santo Estêvão";11;34;-;30;5;6;-;-;67;23;15;-;-;6;-;9;2;40;53;301
"292890 São Desidério";7;5;-;3;2;-;-;-;11;13;4;-;-;2;-;5;2;8;37;99
"292895 São Domingos";-;7;1;4;-;-;-;-;14;6;4;-;-;-;-;2;-;-;6;44
"292910 São Felipe";10;15;-;19;-;1;-;-;39;9;5;1;-;1;-;1;2;28;12;143
"292900 São Félix";5;8;-;7;-;-;-;-;35;3;8;-;1;2;1;9;1;3;12;95
"292905 São Félix do Coribe";6;10;-;6;1;-;-;-;17;8;4;-;-;3;-;1;-;10;12;78
"292920 São Francisco do Conde";10;23;-;14;3;1;-;-;56;17;8;1;1;4;-;10;4;11;27;190
"292925 São Gabriel";7;20;-;6;2;1;-;-;27;7;3;-;-;3;-;2;1;9;10;98
"292930 São Gonçalo dos Campos";9;15;-;18;2;4;-;-;35;16;12;-;1;9;-;4;-;31;24;180
"292935 São José da Vitória";3;3;-;3;-;1;-;-;8;5;1;1;-;2;-;1;1;13;4;46
"292937 São José do Jacuípe";-;6;2;7;2;1;-;-;14;-;1;-;-;-;-;2;-;13;8;56
"292940 São Miguel das Matas";2;7;1;7;-;3;-;-;15;5;5;-;-;2;-;1;1;7;4;60
"292950 São Sebastião do Passé";13;34;2;21;1;1;-;-;56;23;8;1;3;4;-;5;3;14;42;231
"292960 Sapeaçu";6;14;-;10;1;-;-;-;42;4;8;-;-;-;-;5;2;17;15;124
"292970 Sátiro Dias";1;14;-;3;4;-;-;-;17;1;5;-;-;-;1;4;-;24;9;83
"292975 Saubara";3;9;-;10;3;1;-;-;29;4;2;-;-;1;-;2;1;8;7;80
"292980 Saúde";5;5;3;8;2;1;-;-;25;6;3;-;-;-;1;1;1;9;10;80
"292990 Seabra";3;17;-;15;4;-;-;-;35;6;11;-;2;2;2;6;1;33;21;158
"293000 Sebastião Laranjeiras";4;11;1;2;-;3;-;-;12;-;6;-;-;2;-;1;-;2;7;51
"293010 Senhor do Bonfim";25;49;6;30;8;8;-;-;126;34;19;2;1;8;1;10;5;91;52;475
"293020 Sento Sé";-;11;-;7;-;-;-;-;27;12;5;-;-;2;-;6;3;40;20;133
"293015 Serra do Ramalho";5;8;2;4;-;1;-;-;32;12;9;-;-;-;-;6;-;51;21;151
"293030 Serra Dourada";1;8;-;5;-;-;-;-;33;7;-;-;-;2;-;3;-;16;11;86
"293040 Serra Preta";3;15;-;14;-;-;-;-;33;10;8;2;-;-;-;-;-;25;12;122
"293050 Serrinha";16;43;4;35;3;3;-;-;89;32;28;1;1;6;1;8;5;99;71;445
"293060 Serrolândia";2;2;1;9;4;1;-;-;18;2;4;-;-;1;-;-;1;26;11;82
"293070 Simões Filho";29;88;2;40;3;11;-;-;167;57;41;1;-;8;1;24;5;38;185;700
"293075 Sítio do Mato";2;2;-;4;1;-;-;-;7;1;3;-;-;-;-;5;-;7;6;38
"293076 Sítio do Quinto";3;4;1;8;-;1;-;-;12;1;3;-;-;1;-;2;1;28;3;68
"293077 Sobradinho";5;26;-;6;6;5;-;-;35;5;16;-;-;3;-;3;5;12;17;144
"293080 Souto Soares";3;10;2;5;-;2;-;-;14;9;3;-;-;-;2;3;4;9;11;77
"293090 Tabocas do Brejo Velho";1;1;-;3;1;-;-;-;7;3;3;1;-;-;-;1;1;16;3;41
"293100 Tanhaçu";2;17;2;13;2;3;-;-;32;6;12;-;1;1;1;2;1;13;11;119
"293105 Tanque Novo";3;10;-;2;3;4;-;-;24;8;4;-;1;2;-;2;1;13;7;84
"293110 Tanquinho";-;7;1;4;2;1;-;-;20;3;1;-;-;-;-;2;-;8;7;56
"293120 Taperoá";6;10;-;9;1;1;-;-;21;7;1;1;-;1;-;3;-;20;16;97
"293130 Tapiramutá";8;6;-;10;2;2;-;-;19;2;1;-;1;1;-;1;1;14;8;76
"293135 Teixeira de Freitas";44;161;2;47;4;12;-;-;177;75;39;4;1;15;-;17;8;118;179;903
"293140 Teodoro Sampaio";1;7;-;10;1;-;-;-;15;6;5;1;-;-;-;2;1;11;5;65
"293150 Teofilândia";3;18;1;7;1;5;-;-;33;13;5;1;-;1;-;4;1;19;14;126
"293160 Teolândia";-;7;-;3;1;-;-;-;15;5;3;-;-;1;-;1;-;5;12;53
"293170 Terra Nova";6;10;-;7;-;-;-;-;23;8;5;1;-;2;-;3;-;5;12;82
"293180 Tremedal";7;9;1;9;1;2;-;-;29;15;11;2;1;1;-;1;-;27;18;134
"293190 Tucano";11;15;3;16;1;6;-;-;41;12;7;-;-;2;-;5;1;107;42;269
"293200 Uauá";2;14;2;5;1;1;-;-;18;20;4;1;-;4;-;5;1;66;11;155
"293210 Ubaíra";1;14;-;12;2;2;-;-;22;7;6;-;1;-;-;1;-;22;8;98
"293220 Ubaitaba";4;22;-;14;1;2;-;-;41;13;3;1;-;-;1;4;-;36;21;163
"293230 Ubatã";4;11;-;13;2;2;-;-;30;5;4;-;-;1;-;3;2;59;14;150
"293240 Uibaí";-;12;2;8;-;3;-;1;19;9;2;-;-;-;-;2;-;2;9;69
"293245 Umburanas";2;4;-;3;-;-;-;-;4;5;5;-;-;1;-;1;2;13;6;46
"293250 Una";8;13;4;18;3;1;-;-;36;10;11;1;-;1;-;7;-;5;24;142
"293260 Urandi";5;9;-;4;-;1;-;-;21;2;8;1;-;1;-;3;1;17;6;79
"293270 Uruçuca";5;11;-;23;3;-;-;-;34;8;4;-;-;2;-;5;2;34;34;165
"293280 Utinga";7;10;1;2;2;1;-;-;24;10;8;-;-;-;-;2;1;25;12;105
"293290 Valença";17;39;7;68;-;3;-;-;102;32;15;-;1;9;2;16;1;103;118;533
"293300 Valente";3;18;-;8;1;-;-;-;31;10;6;1;-;1;-;3;-;25;14;121
"293305 Várzea da Roça";3;6;1;4;2;-;-;-;21;8;1;-;-;1;-;-;-;18;9;74
"293310 Várzea do Poço";3;4;-;2;-;1;-;-;11;4;2;-;-;-;-;1;-;24;3;55
"293315 Várzea Nova";3;10;1;6;-;1;-;-;12;4;4;-;-;-;-;1;-;13;9;64
"293317 Varzedo";3;6;1;8;2;-;-;-;11;7;8;-;-;4;1;1;1;19;5;77
"293320 Vera Cruz";10;30;4;26;1;5;-;-;55;18;5;1;-;2;1;18;2;24;37;239
"293325 Vereda";1;2;-;2;-;-;-;-;3;4;1;-;-;-;-;-;-;8;7;28
"293330 Vitória da Conquista";88;257;13;129;31;35;-;2;499;150;135;9;13;49;7;61;16;237;358;2089
"293340 Wagner";1;4;-;2;-;-;-;-;19;5;6;-;-;-;-;1;1;15;6;60
"293345 Wanderley";3;5;2;1;2;-;-;-;1;11;2;-;-;-;-;1;1;23;10;62
"293350 Wenceslau Guimarães";2;12;-;9;1;1;-;-;27;9;3;-;1;-;-;2;3;19;14;103
"293360 Xique-Xique";12;13;2;10;1;3;-;-;55;16;11;-;-;6;-;9;3;76;35;252
"290000 Município ignorado - BA";24;32;1;14;4;5;-;-;50;33;18;2;1;12;-;18;6;66;321;607
"310010 Abadia dos Dourados";6;6;1;2;-;1;-;-;17;2;5;-;-;1;-;-;-;6;6;53
"310020 Abaeté";13;23;-;12;1;5;-;-;46;19;11;1;2;9;-;5;1;18;18;184
"310030 Abre Campo";2;8;1;3;4;2;-;-;35;12;3;-;1;3;-;1;-;14;7;96
"310040 Acaiaca";-;5;-;3;1;-;-;-;15;2;2;1;-;2;-;-;-;2;4;37
"310050 Açucena";1;15;-;2;-;3;-;-;21;2;4;-;-;-;-;2;-;4;10;64
"310060 Água Boa";5;6;-;10;1;1;-;-;24;-;7;-;1;1;-;-;-;12;12;80
"310070 Água Comprida";1;6;-;-;-;1;-;-;4;1;1;-;-;-;-;1;1;2;1;19
"310080 Aguanil";1;2;-;-;-;-;-;-;10;3;2;-;-;1;-;-;-;-;2;21
"310090 Águas Formosas";6;18;-;9;4;1;-;-;48;19;6;-;-;3;-;5;-;3;15;137
"310100 Águas Vermelhas";3;15;-;9;1;-;-;-;10;2;5;-;-;4;-;3;-;9;5;66
"310110 Aimorés";5;26;-;12;2;6;-;-;56;21;13;-;-;7;-;3;2;2;28;183
"310120 Aiuruoca";1;6;-;5;-;-;-;-;20;3;4;-;-;1;-;-;-;1;3;44
"310130 Alagoa";-;5;-;-;-;1;-;-;10;1;-;-;-;1;-;-;-;-;1;19
"310140 Albertina";-;-;-;1;2;-;-;-;7;2;-;-;-;-;-;1;-;1;-;14
"310150 Além Paraíba";17;39;4;31;4;10;-;-;110;43;15;1;2;12;-;5;2;8;21;324
"310160 Alfenas";25;85;4;22;11;25;-;-;126;80;41;3;3;19;-;8;1;18;47;518
"310163 Alfredo Vasconcelos";1;7;-;2;-;1;-;-;12;7;2;-;-;-;-;-;1;1;3;37
"310170 Almenara";10;27;2;16;-;1;-;-;53;23;13;1;-;2;2;5;1;47;17;220
"310180 Alpercata";3;13;1;5;-;4;-;-;19;4;3;-;-;-;-;-;-;4;6;62
"310190 Alpinópolis";7;21;-;6;1;4;-;-;38;10;9;-;2;10;-;2;-;7;13;130
"310200 Alterosa";2;20;-;17;3;4;-;-;37;15;5;1;1;3;-;3;-;7;6;124
"310205 Alto Caparaó";1;5;-;4;-;2;-;-;12;4;2;-;-;-;-;-;-;5;3;38
"315350 Alto Jequitibá";1;8;-;4;-;-;-;-;16;8;-;-;-;-;-;1;-;3;8;49
"310210 Alto Rio Doce";1;11;-;6;2;3;-;-;34;14;3;-;-;2;-;1;-;3;9;89
"310220 Alvarenga";-;2;-;3;1;1;-;-;7;4;2;-;-;2;-;-;-;4;1;27
"310230 Alvinópolis";5;25;1;6;5;2;-;-;42;12;9;-;-;4;-;-;2;4;9;126
"310240 Alvorada de Minas";-;1;-;1;-;-;-;-;4;-;2;-;-;-;-;2;1;7;1;19
"310250 Amparo do Serra";-;5;-;7;1;-;-;1;16;4;3;-;-;1;-;-;1;3;3;45
"310260 Andradas";12;43;3;18;4;9;-;-;72;31;22;3;-;12;1;5;2;10;30;277
"310280 Andrelândia";5;12;1;5;-;-;-;-;30;14;4;-;-;4;-;3;-;7;4;89
"310285 Angelândia";4;2;-;2;4;1;-;-;16;5;3;-;-;-;-;4;-;1;4;46
"310290 Antônio Carlos";3;10;1;1;2;4;-;-;35;14;-;-;1;1;-;-;-;5;9;86
"310300 Antônio Dias";4;15;-;2;1;-;-;-;19;7;3;-;1;1;-;-;1;1;14;69
"310310 Antônio Prado de Minas";-;3;1;2;-;-;-;-;1;-;1;-;-;2;-;-;-;-;-;10
"310320 Araçaí";-;7;-;2;-;1;-;-;-;4;2;-;-;-;-;-;-;1;-;17
"310330 Aracitaba";1;5;-;2;-;-;-;-;5;1;1;-;-;-;-;-;-;-;3;18
"310340 Araçuaí";16;39;2;14;4;6;-;-;51;20;12;1;-;3;-;1;1;67;28;265
"310350 Araguari";46;117;3;49;18;22;-;-;249;94;35;-;3;22;1;13;4;44;97;817
"310360 Arantina";1;6;1;1;2;-;-;-;7;5;2;-;-;-;-;-;-;-;8;33
"310370 Araponga";3;7;1;1;-;1;-;-;9;2;2;-;-;1;-;-;-;3;7;37
"310375 Araporã";-;7;1;2;-;1;-;-;10;1;2;-;-;1;-;-;-;3;3;31
"310380 Arapuá";1;2;-;-;-;-;-;-;4;3;1;-;-;1;-;1;-;-;3;16
"310390 Araújos";4;7;-;-;-;1;-;-;14;3;4;-;-;1;-;1;-;4;7;46
"310400 Araxá";18;95;3;42;5;15;-;-;163;117;32;2;1;21;1;15;3;128;54;715
"310410 Arceburgo";-;12;-;1;-;2;-;-;23;11;2;-;-;5;-;1;2;5;5;69
"310420 Arcos";11;25;3;11;1;6;-;-;60;24;21;-;1;5;-;3;-;12;22;205
"310430 Areado";1;18;-;12;1;4;-;-;34;12;5;-;-;4;-;2;3;13;8;117
"310440 Argirita";1;6;-;3;1;1;-;-;8;4;1;-;-;-;-;-;-;-;2;27
"310445 Aricanduva";1;7;-;1;2;-;-;-;2;1;4;-;-;-;-;1;-;7;1;27
"310450 Arinos";6;8;-;5;-;-;-;-;10;6;2;-;-;1;-;2;1;25;13;79
"310460 Astolfo Dutra";5;17;-;14;-;3;-;-;37;13;5;1;1;4;-;2;1;1;7;111
"310470 Ataléia";3;12;1;12;1;-;-;-;16;13;6;-;-;3;-;2;1;14;13;97
"310480 Augusto de Lima";2;5;-;-;-;1;-;-;11;2;3;-;-;-;-;1;-;5;3;33
"310490 Baependi";1;24;-;12;1;3;-;-;41;22;4;-;-;3;-;3;1;3;8;126
"310500 Baldim";3;5;-;4;3;1;-;-;13;4;8;-;-;1;-;-;-;4;6;52
"310510 Bambuí";20;34;2;11;2;7;-;-;59;22;15;2;-;3;-;1;1;1;17;197
"310520 Bandeira";1;1;-;2;-;-;-;-;12;2;1;-;-;-;-;-;-;3;1;23
"310530 Bandeira do Sul";2;6;-;3;-;1;-;-;13;6;3;-;-;1;-;1;-;1;1;38
"310540 Barão de Cocais";2;34;-;11;1;4;-;-;40;12;7;1;-;6;-;1;2;20;15;156
"310550 Barão de Monte Alto";1;9;1;4;1;-;-;-;14;7;2;1;1;-;-;1;-;2;4;48
"310560 Barbacena";34;159;8;57;27;31;-;-;294;129;50;6;2;17;1;15;6;55;82;973
"310570 Barra Longa";1;6;-;2;3;3;-;-;20;6;1;-;1;2;-;-;2;2;3;52
"310590 Barroso";7;27;-;7;8;1;-;-;44;35;5;-;1;2;-;1;-;6;20;164
"310600 Bela Vista de Minas";3;19;4;-;2;1;-;-;14;3;4;-;-;2;-;2;1;8;4;67
"310610 Belmiro Braga";-;5;-;4;-;-;-;-;8;5;1;-;-;-;-;-;-;2;2;27
"310620 Belo Horizonte";576;3068;75;731;363;618;-;2;3573;1595;754;73;167;377;14;170;127;770;1788;14841
"310630 Belo Oriente";1;17;2;12;1;5;-;-;34;15;5;1;-;3;-;2;-;1;18;117
"310640 Belo Vale";3;6;1;7;2;2;-;-;16;8;4;1;-;1;-;1;2;3;3;60
"310650 Berilo";15;9;1;2;-;-;-;-;18;5;-;-;-;-;-;-;-;8;1;59
"310665 Berizal";-;1;-;2;-;-;-;-;9;1;4;1;-;-;-;-;2;6;3;29
"310660 Bertópolis";1;3;-;1;-;1;-;-;7;4;1;-;-;1;1;-;-;1;4;25
"310670 Betim";57;324;11;97;25;65;-;1;437;175;92;7;10;48;3;49;25;170;376;1972
"310680 Bias Fortes";-;3;-;1;-;3;-;-;7;6;-;-;-;-;-;-;-;-;2;22
"310690 Bicas";4;20;1;7;1;4;-;-;41;14;10;-;3;3;-;2;3;7;4;124
"310700 Biquinhas";4;2;-;3;-;-;-;-;3;3;2;-;-;-;-;-;-;-;2;19
"310710 Boa Esperança";6;45;5;35;3;14;-;-;85;20;16;-;-;3;-;3;2;8;15;260
"310720 Bocaina de Minas";-;3;-;1;-;-;-;-;5;5;2;-;-;-;-;-;-;-;2;18
"310730 Bocaiúva";16;39;2;6;2;5;-;-;64;25;10;-;-;3;2;5;-;25;40;244
"310740 Bom Despacho";9;46;1;24;6;9;-;-;63;35;22;-;6;9;-;5;1;8;52;296
"310750 Bom Jardim de Minas";1;8;-;1;3;3;-;-;21;3;4;-;-;3;-;1;-;4;8;60
"310760 Bom Jesus da Penha";-;3;-;1;-;-;-;-;15;5;1;-;-;-;-;1;-;3;3;32
"310770 Bom Jesus do Amparo";-;4;-;1;-;1;-;-;11;3;1;-;-;1;-;-;-;-;5;27
"310780 Bom Jesus do Galho";2;20;-;8;1;6;-;-;37;16;8;-;-;1;-;4;-;8;6;117
"310790 Bom Repouso";2;5;2;4;-;3;-;-;17;7;3;-;-;-;-;-;-;6;6;55
"310800 Bom Sucesso";2;22;-;11;2;6;-;-;47;22;2;-;1;5;-;3;1;5;9;138
"310810 Bonfim";2;12;-;3;1;1;-;-;16;9;3;-;1;2;-;-;1;5;2;58
"310820 Bonfinópolis de Minas";-;8;-;1;-;1;-;-;11;1;-;-;-;2;-;-;-;9;8;41
"310825 Bonito de Minas";1;5;-;3;2;-;-;-;13;4;1;-;1;-;-;1;1;7;4;43
"310830 Borda da Mata";6;22;2;6;2;6;-;-;31;16;2;-;-;2;-;-;1;3;7;106
"310840 Botelhos";2;19;1;8;2;3;-;-;40;12;4;-;-;14;-;2;2;4;7;120
"310850 Botumirim";3;5;-;1;1;-;-;-;9;4;2;-;-;-;-;-;-;10;2;37
"310870 Brás Pires";1;8;-;5;1;4;-;-;14;5;1;-;-;-;-;1;-;3;4;47
"310855 Brasilândia de Minas";6;3;-;-;-;4;-;-;17;5;1;-;-;2;1;2;1;9;13;64
"310860 Brasília de Minas";16;31;2;2;3;8;-;-;36;23;17;-;-;3;-;3;2;21;14;181
"310880 Braúnas";3;5;1;2;-;-;-;-;9;1;3;1;-;-;-;-;-;6;1;32
"310890 Brazópolis";2;13;1;6;1;5;-;-;42;23;3;-;4;1;-;-;1;1;9;112
"310900 Brumadinho";4;29;-;6;5;1;-;-;40;23;11;1;1;5;-;1;1;34;27;189
"310910 Bueno Brandão";1;12;1;9;1;2;-;-;26;9;1;-;-;2;-;-;-;8;7;79
"310920 Buenópolis";8;19;1;5;5;2;-;-;14;9;1;-;-;-;1;2;-;10;7;84
"310925 Bugre";3;4;-;1;-;-;-;-;4;4;-;1;-;-;-;-;-;3;3;23
"310930 Buritis";7;19;-;6;1;3;-;-;21;14;3;-;-;2;-;5;4;20;15;120
"310940 Buritizeiro";8;11;1;11;2;3;-;-;28;3;5;-;-;1;1;9;2;27;28;140
"310945 Cabeceira Grande";3;2;-;-;-;-;-;-;2;5;-;-;-;1;-;-;1;3;1;18
"310950 Cabo Verde";1;12;1;9;3;4;-;-;22;9;4;1;-;3;-;-;1;7;4;81
"310960 Cachoeira da Prata";-;2;-;1;-;2;-;-;5;6;1;-;-;-;-;-;-;2;-;19
"310970 Cachoeira de Minas";-;9;1;4;-;5;-;-;20;3;3;-;-;-;-;-;-;2;6;53
"310270 Cachoeira de Pajeú";1;7;-;2;-;-;-;-;16;1;7;-;-;1;-;4;1;9;9;58
"310980 Cachoeira Dourada";1;6;-;2;-;1;-;-;5;1;2;-;-;1;-;-;-;3;2;24
"310990 Caetanópolis";2;12;-;2;2;1;-;-;22;9;5;1;-;4;-;-;-;1;5;66
"311000 Caeté";9;48;1;18;3;6;-;-;65;32;13;1;2;6;-;4;-;19;22;249
"311010 Caiana";1;4;-;-;-;1;-;-;8;3;-;-;-;-;-;1;-;8;4;30
"311020 Cajuri";-;4;-;-;-;-;-;-;7;7;3;-;-;-;-;-;-;7;4;32
"311030 Caldas";3;20;-;14;1;1;-;-;34;15;4;-;1;3;-;2;1;7;9;115
"311040 Camacho";-;1;-;1;-;-;-;-;5;1;1;-;-;-;-;-;1;-;1;11
"311050 Camanducaia";4;26;-;17;1;3;-;-;43;13;4;-;-;4;-;3;-;8;12;138
"311060 Cambuí";4;27;4;10;1;9;-;-;57;19;6;1;-;1;-;1;1;9;13;163
"311070 Cambuquira";3;14;2;8;-;3;-;-;33;11;3;-;1;5;1;4;2;9;2;101
"311080 Campanário";-;3;-;4;-;-;-;-;4;1;2;-;-;-;-;1;2;1;2;20
"311090 Campanha";1;23;-;11;1;10;-;-;38;12;9;-;1;5;-;-;-;3;9;123
"311100 Campestre";9;19;-;13;2;4;-;-;40;17;6;-;-;4;-;2;-;24;9;149
"311110 Campina Verde";5;13;-;17;1;5;-;-;50;24;7;-;-;-;-;-;-;14;15;151
"311115 Campo Azul";3;2;-;1;-;1;-;-;10;5;1;-;-;1;-;-;-;3;-;27
"311120 Campo Belo";9;71;3;37;11;16;-;-;152;56;23;1;3;13;-;3;4;9;46;457
"311130 Campo do Meio";1;18;1;3;1;2;-;-;19;16;6;-;-;1;-;2;-;11;3;84
"311140 Campo Florido";2;8;-;1;-;2;-;-;8;5;-;-;-;-;-;1;-;3;8;38
"311150 Campos Altos";4;11;-;5;-;2;-;-;25;5;4;1;1;3;1;3;-;19;8;92
"311160 Campos Gerais";9;34;1;12;5;4;-;-;54;18;9;-;1;3;-;-;-;21;14;185
"311190 Cana Verde";2;9;-;3;-;-;-;-;19;6;6;-;-;1;-;-;-;2;8;56
"311170 Canaã";-;1;-;1;1;1;-;-;9;2;-;-;-;-;-;-;-;1;9;25
"311180 Canápolis";4;14;-;3;3;1;-;-;14;12;1;-;-;4;-;1;1;3;7;68
"311200 Candeias";2;21;-;2;2;2;-;-;29;9;4;-;1;7;-;1;-;1;4;85
"311205 Cantagalo";-;3;-;2;-;1;-;-;3;1;3;-;-;-;-;1;-;2;4;20
"311210 Caparaó";1;2;-;1;-;-;-;-;10;2;1;-;-;-;-;-;-;4;5;26
"311220 Capela Nova";4;8;-;1;-;-;-;-;16;5;3;-;-;-;-;-;-;2;4;43
"311230 Capelinha";11;27;-;9;4;6;-;-;43;12;6;1;2;3;-;6;1;30;13;174
"311240 Capetinga";2;6;-;1;4;-;-;-;16;7;3;-;-;2;-;2;-;6;2;51
"311250 Capim Branco";3;10;-;3;1;4;-;-;18;10;-;-;1;2;-;2;-;6;6;66
"311260 Capinópolis";5;21;1;8;1;2;-;-;36;18;6;-;-;1;-;-;3;9;12;123
"311265 Capitão Andrade";-;1;1;4;-;1;-;-;11;4;-;-;-;1;-;-;-;2;5;30
"311270 Capitão Enéas";8;4;-;6;-;4;-;-;18;8;6;1;1;1;-;3;1;11;8;80
"311280 Capitólio";5;10;1;2;-;1;-;-;6;11;4;-;-;1;-;-;-;3;2;46
"311290 Caputira";-;7;-;-;-;4;-;-;21;5;3;1;-;4;-;1;2;12;7;67
"311300 Caraí";8;18;3;16;10;3;-;-;39;7;9;-;1;5;-;2;1;19;15;156
"311310 Caranaíba";1;2;-;3;1;-;-;-;8;-;-;-;-;1;-;-;-;1;2;19
"311320 Carandaí";6;23;1;12;1;1;-;-;53;27;5;1;-;6;-;2;-;14;19;171
"311330 Carangola";26;34;4;15;5;6;-;-;74;37;6;-;-;6;-;6;2;34;21;276
"311340 Caratinga";27;75;4;18;8;15;-;1;173;60;25;3;3;19;2;11;1;83;50;578
"311350 Carbonita";12;11;-;3;1;1;-;-;13;6;-;-;-;-;-;2;-;5;2;56
"311360 Careaçu";3;7;-;3;-;3;-;-;14;7;2;-;-;2;-;-;1;6;9;57
"311370 Carlos Chagas";7;23;-;9;1;1;-;-;42;14;10;2;1;3;-;-;2;7;19;141
"311380 Carmésia";-;2;-;-;-;-;-;-;3;2;-;-;-;-;-;2;1;-;1;11
"311390 Carmo da Cachoeira";2;13;1;9;3;2;-;-;22;8;7;-;-;1;-;1;-;7;4;80
"311400 Carmo da Mata";-;12;-;5;1;3;-;-;32;11;2;-;-;5;-;2;-;-;7;80
"311410 Carmo de Minas";3;14;1;7;1;3;-;-;26;9;6;-;1;6;-;-;-;7;10;94
"311420 Carmo do Cajuru";4;20;-;6;-;-;-;-;26;16;8;-;-;4;-;-;-;5;11;100
"311430 Carmo do Paranaíba";9;27;-;9;3;10;-;-;63;21;9;1;1;5;-;4;2;8;21;193
"311440 Carmo do Rio Claro";5;18;-;13;4;1;-;-;38;23;5;-;2;9;-;-;-;6;5;129
"311450 Carmópolis de Minas";1;10;-;6;4;5;-;-;41;21;4;-;1;1;-;1;-;4;11;110
"311455 Carneirinho";3;8;-;4;-;5;-;-;16;10;2;-;-;3;-;-;-;1;3;55
"311460 Carrancas";1;4;-;1;-;2;-;-;5;4;-;-;-;2;-;-;-;1;1;21
"311470 Carvalhópolis";1;2;-;-;-;-;-;-;10;6;2;-;-;-;-;-;-;2;-;23
"311480 Carvalhos";2;9;-;5;1;1;-;-;17;7;2;-;-;-;-;-;1;3;4;52
"311490 Casa Grande";1;2;-;1;-;1;-;-;1;1;-;-;-;-;-;-;-;2;-;9
"311500 Cascalho Rico";1;3;-;1;-;-;-;-;3;1;1;-;-;-;-;-;-;1;3;14
"311510 Cássia";1;25;1;6;1;1;-;-;40;21;9;-;5;7;-;1;1;16;16;151
"311530 Cataguases";25;74;6;65;9;16;-;-;213;78;22;2;-;14;-;5;-;8;35;572
"311535 Catas Altas";-;5;-;2;-;-;-;-;6;1;1;-;-;1;-;1;-;-;1;18
"311540 Catas Altas da Noruega";-;1;-;1;1;-;-;-;7;2;-;-;-;3;-;-;-;5;-;20
"311545 Catuji";4;5;-;7;2;1;-;-;16;6;2;-;-;-;-;1;-;2;12;58
"311547 Catuti";3;4;-;1;-;1;-;-;9;-;7;-;-;-;-;1;1;8;3;38
"311550 Caxambu";3;38;-;19;-;10;-;-;74;23;7;-;-;5;-;2;2;3;10;196
"311560 Cedro do Abaeté";-;1;-;-;-;-;-;-;6;-;1;-;-;-;-;-;-;2;1;11
"311570 Central de Minas";4;10;-;6;-;1;-;-;13;7;6;-;-;3;-;-;-;2;3;55
"311580 Centralina";1;13;-;-;-;1;-;-;25;8;6;1;1;1;-;-;-;4;6;67
"311590 Chácara";-;7;-;-;-;-;-;-;9;5;1;-;-;-;-;-;-;-;-;22
"311600 Chalé";1;8;-;6;-;2;-;-;9;5;1;-;-;1;-;-;1;1;1;36
"311610 Chapada do Norte";6;9;1;3;-;-;-;-;12;4;3;-;-;-;-;2;-;27;2;69
"311615 Chapada Gaúcha";6;7;1;2;-;-;-;-;7;4;-;-;-;-;-;3;1;5;6;42
"311620 Chiador";1;-;-;2;-;-;-;-;8;3;1;1;-;-;-;-;-;3;4;23
"311630 Cipotânea";-;5;2;3;-;-;-;-;22;14;6;1;1;-;-;-;1;1;-;56
"311640 Claraval";1;-;-;1;-;-;-;-;5;-;1;-;2;-;-;-;-;3;2;15
"311650 Claro dos Poções";3;8;-;5;-;-;-;-;11;5;1;1;-;1;-;1;-;8;5;49
"311660 Cláudio";2;23;1;8;4;10;-;-;44;25;7;-;-;6;-;3;-;9;18;160
"311670 Coimbra";-;9;-;2;-;1;-;-;16;7;3;-;-;-;-;2;-;1;6;47
"311680 Coluna";-;6;-;1;-;1;-;-;14;3;4;-;-;1;-;3;-;10;8;51
"311690 Comendador Gomes";-;3;-;-;-;-;-;-;1;3;-;-;-;-;-;-;-;1;1;9
"311700 Comercinho";2;5;1;1;1;-;-;-;12;1;2;-;-;-;1;-;1;10;3;40
"311710 Conceição da Aparecida";3;9;-;4;-;4;-;-;15;8;3;1;-;3;-;1;-;6;4;61
"311520 Conceição da Barra de Minas";2;2;-;1;2;-;-;-;2;3;1;-;-;-;-;-;-;2;-;15
"311730 Conceição das Alagoas";18;22;1;3;-;3;-;-;31;14;9;-;-;4;-;2;1;21;16;145
"311720 Conceição das Pedras";-;2;-;2;1;-;-;-;5;3;-;-;-;-;-;-;-;2;2;17
"311740 Conceição de Ipanema";1;6;-;-;-;4;-;-;11;8;1;-;1;-;-;-;-;-;2;34
"311750 Conceição do Mato Dentro";5;15;2;8;2;1;-;1;28;4;2;-;-;1;-;1;-;13;9;92
"311760 Conceição do Pará";-;3;1;-;-;1;-;-;8;6;1;-;-;1;-;1;-;5;6;33
"311770 Conceição do Rio Verde";1;25;1;14;1;4;-;-;33;8;5;-;-;5;2;-;-;4;8;111
"311780 Conceição dos Ouros";1;10;1;1;1;2;-;-;16;10;5;-;-;2;-;-;-;2;6;57
"311783 Cônego Marinho";-;6;-;-;1;-;-;-;9;2;2;-;-;-;-;1;1;9;6;37
"311787 Confins";2;1;-;1;-;1;-;-;10;4;2;-;-;1;-;1;-;1;2;26
"311790 Congonhal";4;14;-;1;1;4;-;-;16;9;2;-;-;3;-;2;1;5;5;67
"311800 Congonhas";8;39;3;25;7;7;-;-;123;40;17;-;1;7;-;4;1;20;33;335
"311810 Congonhas do Norte";3;2;-;1;1;-;-;-;15;1;3;-;-;-;-;-;-;4;2;32
"311820 Conquista";3;15;-;1;-;1;-;-;5;12;6;-;-;2;-;1;1;3;2;52
"311830 Conselheiro Lafaiete";18;109;6;55;22;22;-;-;245;63;28;4;5;17;-;16;7;33;55;705
"311840 Conselheiro Pena";7;17;1;16;4;4;-;-;47;27;8;-;-;5;1;1;1;4;21;164
"311850 Consolação";1;-;-;-;-;-;-;-;10;3;-;-;-;-;-;-;-;-;1;15
"311860 Contagem";122;526;9;166;62;90;-;1;732;279;141;7;17;79;4;62;25;250;521;3093
"311870 Coqueiral";4;13;-;4;1;1;-;2;15;7;3;2;-;1;-;-;-;7;8;68
"311880 Coração de Jesus";22;17;2;4;1;4;-;-;46;14;8;-;-;2;-;3;1;22;11;157
"311890 Cordisburgo";-;5;1;4;-;-;-;-;15;6;1;-;-;2;-;-;1;5;2;42
"311900 Cordislândia";-;7;-;3;1;3;-;-;4;1;3;-;-;-;-;-;1;1;2;26
"311910 Corinto";11;36;2;7;2;2;-;-;52;21;9;-;1;-;1;1;1;12;23;181
"311920 Coroaci";2;7;1;2;1;1;-;-;17;5;1;-;-;-;-;3;-;8;4;52
"311930 Coromandel";18;15;-;6;-;3;-;-;53;17;11;1;-;5;-;2;1;9;17;158
"311940 Coronel Fabriciano";38;106;1;35;17;18;-;-;208;96;32;3;8;26;2;7;4;8;87;696
"311950 Coronel Murta";3;5;1;6;1;1;-;-;14;3;2;-;-;-;-;-;-;10;6;52
"311960 Coronel Pacheco";-;4;-;1;2;1;-;-;5;1;1;-;-;-;-;-;-;1;2;18
"311970 Coronel Xavier Chaves";4;2;-;-;-;2;-;-;11;-;-;-;-;1;-;-;-;2;-;22
"311980 Córrego Danta";1;3;-;1;-;2;-;-;7;5;1;-;-;-;-;-;-;-;3;23
"311990 Córrego do Bom Jesus";2;5;-;2;2;2;-;-;9;5;3;-;-;-;-;-;-;-;2;32
"311995 Córrego Fundo";4;4;-;2;3;-;-;-;8;-;1;-;1;-;-;1;-;2;4;30
"312000 Córrego Novo";-;4;-;1;-;-;-;-;12;-;1;-;-;-;1;2;1;3;3;28
"312010 Couto de Magalhães de Minas";-;5;-;3;3;3;-;-;10;3;1;1;-;-;-;-;-;1;2;32
"312015 Crisólita";4;5;-;5;3;-;-;-;16;6;2;-;-;1;-;1;-;2;5;50
"312020 Cristais";1;11;-;3;1;2;-;-;22;17;1;-;3;-;-;-;2;6;10;79
"312030 Cristália";-;1;-;1;-;-;-;-;6;3;1;-;-;1;-;-;1;3;5;22
"312040 Cristiano Otoni";1;7;-;2;-;-;-;-;10;5;1;-;-;1;-;1;-;1;2;31
"312050 Cristina";3;9;1;15;-;2;-;-;16;8;1;-;-;2;-;-;-;-;2;59
"312060 Crucilândia";1;8;2;3;2;2;-;-;14;3;4;-;-;1;-;1;1;4;4;50
"312070 Cruzeiro da Fortaleza";-;1;-;-;-;2;-;-;6;5;1;-;-;-;-;-;-;2;7;24
"312080 Cruzília";2;22;-;13;2;4;-;-;30;15;8;-;1;3;-;3;-;2;4;109
"312083 Cuparaque";-;5;-;3;-;-;-;-;12;2;1;-;-;1;-;2;-;1;5;32
"312087 Curral de Dentro";4;3;-;-;-;-;-;-;7;4;1;-;-;2;-;-;-;6;6;33
"312090 Curvelo";31;90;4;22;7;10;-;-;121;60;27;3;4;11;-;7;3;59;46;505
"312100 Datas";2;8;-;1;-;2;-;-;13;8;2;-;-;1;2;3;-;4;3;49
"312110 Delfim Moreira";-;10;-;3;3;1;-;-;12;3;3;-;1;2;-;-;-;-;3;41
"312120 Delfinópolis";2;3;-;2;1;-;-;-;9;4;1;-;1;2;-;1;-;8;2;36
"312125 Delta";1;4;-;4;-;1;-;-;5;2;2;1;1;-;-;-;-;3;5;29
"312130 Descoberto";1;2;-;6;1;1;-;-;9;7;2;-;-;-;-;-;-;2;3;34
"312140 Desterro de Entre Rios";1;6;-;4;1;-;-;-;19;7;2;1;-;1;-;1;-;6;7;56
"312150 Desterro do Melo";-;6;-;2;1;-;-;-;5;8;1;1;-;-;1;-;1;1;2;29
"312160 Diamantina";10;38;1;8;5;6;-;-;72;22;5;4;2;8;-;9;3;62;26;281
"312170 Diogo de Vasconcelos";1;9;-;2;2;-;-;-;16;7;2;-;-;2;-;-;-;-;1;42
"312180 Dionísio";4;8;-;4;2;1;-;-;23;4;5;-;-;1;-;1;-;3;5;61
"312190 Divinésia";1;5;1;7;-;-;-;-;8;6;2;-;-;1;-;-;-;-;6;37
"312200 Divino";6;24;4;13;2;1;-;-;34;14;6;1;-;3;-;2;-;8;18;136
"312210 Divino das Laranjeiras";-;6;-;2;2;3;-;-;9;4;3;-;-;1;-;1;1;2;6;40
"312220 Divinolândia de Minas";1;8;-;3;-;-;-;-;18;7;2;1;-;2;-;2;1;2;5;52
"312230 Divinópolis";62;208;9;81;18;45;-;-;336;129;59;6;7;51;-;10;8;85;171;1285
"312235 Divisa Alegre";1;-;-;3;-;-;-;-;5;1;1;-;1;-;-;1;-;3;5;21
"312240 Divisa Nova";3;4;1;3;1;3;-;-;14;6;5;-;-;1;-;-;-;-;2;43
"312245 Divisópolis";-;1;-;3;-;1;-;-;7;2;2;-;-;-;-;-;1;2;2;21
"312247 Dom Bosco";-;-;-;-;-;1;-;-;2;2;-;-;-;-;-;1;-;5;4;15
"312250 Dom Cavati";3;6;-;6;-;1;-;-;10;3;-;-;-;1;-;1;-;2;5;38
"312260 Dom Joaquim";-;7;-;1;2;1;-;-;10;3;1;-;-;-;-;-;-;6;2;33
"312270 Dom Silvério";2;7;-;1;1;1;-;-;10;4;2;-;-;2;-;-;-;5;3;38
"312280 Dom Viçoso";-;5;-;6;-;-;-;-;5;2;-;-;-;1;-;-;-;2;2;23
"312290 Dona Eusébia";1;10;-;2;1;2;-;-;15;4;3;1;-;-;-;2;-;1;2;44
"312300 Dores de Campos";1;8;2;7;1;1;-;-;27;17;2;-;-;-;-;3;1;9;6;85
"312310 Dores de Guanhães";-;8;-;1;-;1;-;-;10;5;-;-;-;2;-;1;-;4;1;33
"312320 Dores do Indaiá";2;35;-;12;2;1;-;-;22;14;8;-;1;6;-;2;-;1;15;121
"312330 Dores do Turvo";-;6;-;3;1;1;-;-;15;4;2;-;-;-;-;-;-;1;3;36
"312340 Doresópolis";2;-;-;1;-;-;-;-;1;1;-;-;-;-;-;-;-;3;-;8
"312350 Douradoquara";1;-;-;-;1;1;-;-;1;-;3;-;-;-;-;-;-;1;-;8
"312352 Durandé";1;2;-;2;-;2;-;-;12;3;1;-;-;2;-;-;-;4;3;32
"312360 Elói Mendes";4;23;1;12;4;8;-;-;53;18;9;-;1;8;-;1;1;20;6;169
"312370 Engenheiro Caldas";3;13;-;6;1;2;-;-;18;6;8;-;-;2;-;1;-;2;12;74
"312380 Engenheiro Navarro";10;7;-;3;-;-;-;-;5;8;5;1;1;1;-;-;-;3;3;47
"312385 Entre Folhas";4;6;-;2;1;1;-;-;15;9;2;1;-;1;-;1;1;4;7;55
"312390 Entre Rios de Minas";7;18;2;6;-;1;-;-;30;7;7;1;-;6;-;2;3;24;6;120
"312400 Ervália";2;20;-;8;4;2;-;-;36;11;1;-;1;9;1;3;2;2;14;116
"312410 Esmeraldas";13;33;2;18;-;2;-;-;63;32;13;3;1;5;2;7;4;57;59;314
"312420 Espera Feliz";11;14;1;6;2;4;-;-;52;16;8;3;-;3;-;1;-;17;15;153
"312430 Espinosa";8;33;1;7;-;2;-;-;31;16;10;-;1;5;1;4;3;55;11;188
"312440 Espírito Santo do Dourado";-;4;-;2;1;-;-;-;15;4;-;-;-;-;-;-;-;3;2;31
"312450 Estiva";3;9;-;3;4;3;-;-;15;12;4;1;1;2;-;1;1;5;6;70
"312460 Estrela Dalva";-;1;-;-;-;1;-;1;7;2;-;-;-;-;-;-;-;-;-;12
"312470 Estrela do Indaiá";2;8;-;-;1;-;-;-;8;2;-;-;-;1;-;-;-;1;2;25
"312480 Estrela do Sul";-;7;-;5;-;2;-;-;9;6;2;-;-;2;-;-;-;6;4;43
"312490 Eugenópolis";6;18;-;5;-;-;-;-;20;11;1;-;-;3;1;1;2;-;5;73
"312500 Ewbank da Câmara";1;6;-;2;-;-;-;-;8;-;-;-;-;-;1;-;-;6;4;28
"312510 Extrema";7;29;-;11;1;1;-;-;55;28;10;1;-;4;-;3;2;15;5;172
"312520 Fama";3;7;-;3;-;1;-;-;4;10;2;-;-;1;-;-;-;1;-;32
"312530 Faria Lemos";2;1;-;3;-;-;-;-;7;3;1;-;-;2;-;-;-;3;2;24
"312540 Felício dos Santos";1;5;-;7;-;1;-;-;5;10;-;-;1;-;-;-;-;12;3;45
"312560 Felisburgo";2;6;-;6;-;-;-;-;16;13;1;-;1;-;-;1;-;2;5;53
"312570 Felixlândia";4;18;1;2;2;1;-;-;27;12;3;-;-;4;-;2;1;17;13;107
"312580 Fernandes Tourinho";-;3;-;2;-;1;-;-;2;-;-;-;-;-;-;-;-;5;2;15
"312590 Ferros";4;11;1;4;-;1;-;-;15;10;4;1;-;4;-;2;1;5;12;75
"312595 Fervedouro";1;8;-;3;-;4;-;-;19;7;2;-;-;1;-;1;-;3;6;55
"312600 Florestal";3;7;-;1;1;2;-;-;9;9;1;-;-;1;-;-;-;3;2;39
"312610 Formiga";26;67;5;25;7;28;-;-;152;68;20;2;6;17;-;6;4;10;50;493
"312620 Formoso";-;1;-;1;-;-;-;-;4;1;-;-;-;-;-;-;-;6;6;19
"312630 Fortaleza de Minas";1;5;-;-;-;-;-;-;10;6;3;-;-;1;-;-;-;1;3;30
"312640 Fortuna de Minas";-;2;-;-;-;-;-;-;3;1;1;-;-;1;-;-;-;1;1;10
"312650 Francisco Badaró";5;8;-;5;1;-;-;-;17;3;1;1;1;1;-;1;-;7;2;53
"312660 Francisco Dumont";2;3;-;3;-;1;-;-;7;2;1;-;-;-;-;2;-;3;4;28
"312670 Francisco Sá";8;20;-;6;2;-;-;-;37;18;5;-;-;5;-;4;2;8;14;129
"312675 Franciscópolis";2;7;1;6;2;-;-;-;6;1;1;-;-;-;-;1;-;3;4;34
"312680 Frei Gaspar";1;7;1;3;-;1;-;-;13;2;5;-;-;-;-;2;-;7;2;44
"312690 Frei Inocêncio";6;12;-;4;2;3;-;-;26;8;5;1;1;1;-;1;-;10;11;91
"312695 Frei Lagonegro";1;3;-;3;1;-;-;-;7;-;1;-;-;-;-;-;-;7;1;24
"312700 Fronteira";2;11;-;2;-;-;-;-;10;7;6;-;-;1;-;3;-;-;7;49
"312705 Fronteira dos Vales";3;3;1;3;-;-;-;-;17;2;1;-;-;1;-;1;1;3;2;38
"312707 Fruta de Leite";4;4;1;-;1;2;-;-;14;5;-;-;-;2;-;-;-;7;7;47
"312710 Frutal";20;29;-;19;-;8;-;-;82;70;19;1;1;8;1;3;2;73;42;378
"312720 Funilândia";2;2;-;1;-;-;-;-;4;3;-;-;-;-;-;-;-;1;3;16
"312730 Galiléia";-;8;-;3;-;2;-;-;20;6;2;-;-;1;-;-;-;1;5;48
"312733 Gameleiras";4;6;1;1;1;-;-;-;17;1;2;-;-;-;-;-;-;3;4;40
"312735 Glaucilândia";4;2;1;-;-;-;-;-;-;1;-;-;-;-;-;-;1;-;1;10
"312737 Goiabeira";1;4;-;1;1;-;-;-;15;6;1;-;-;-;-;1;1;4;2;37
"312738 Goianá";3;5;-;4;-;1;-;-;6;7;2;-;-;1;-;-;1;2;-;32
"312740 Gonçalves";-;3;-;3;1;1;-;-;9;2;2;-;-;1;-;-;-;4;2;28
"312750 Gonzaga";1;5;-;4;1;1;-;-;5;5;-;-;-;1;-;-;1;1;2;27
"312760 Gouveia";6;17;1;2;3;1;-;-;27;6;6;-;-;2;-;2;-;14;3;90
"312770 Governador Valadares";58;296;13;121;30;52;-;-;483;204;91;4;10;46;-;33;13;83;263;1800
"312780 Grão Mogol";12;6;-;4;2;-;-;-;12;5;6;1;-;1;-;4;1;14;10;78
"312790 Grupiara";-;2;-;-;-;-;-;-;-;1;1;-;-;-;-;-;1;-;-;5
"312800 Guanhães";6;18;1;13;7;4;-;-;42;29;7;-;-;5;1;4;3;25;17;182
"312810 Guapé";5;8;1;1;1;-;-;-;30;9;1;-;-;3;-;-;1;2;7;69
"312820 Guaraciaba";2;12;-;6;2;3;-;-;29;9;5;-;1;2;-;2;1;10;7;91
"312825 Guaraciama";8;4;-;-;-;1;-;-;8;-;2;-;-;1;-;1;-;3;4;32
"312830 Guaranésia";7;21;-;15;2;4;-;-;37;22;11;1;1;10;-;2;2;9;8;152
"312840 Guarani";1;7;-;10;3;4;-;-;20;19;8;1;-;2;-;-;1;1;7;84
"312850 Guarará";-;4;-;6;-;-;-;-;9;2;3;-;1;-;-;-;-;2;3;30
"312860 Guarda-Mor";6;2;1;1;2;2;-;-;7;3;-;-;-;-;-;-;-;2;-;26
"312870 Guaxupé";25;64;4;30;4;12;-;-;134;55;19;1;1;12;-;8;2;12;29;412
"312880 Guidoval";1;4;-;9;1;1;-;-;16;8;1;1;-;6;-;2;-;9;5;64
"312890 Guimarânia";6;6;1;-;1;2;-;-;9;2;1;-;-;2;-;2;-;-;10;42
"312900 Guiricema";3;12;-;7;-;7;-;-;21;6;1;-;-;3;-;1;1;2;7;71
"312910 Gurinhatã";2;9;-;3;-;-;-;-;10;12;-;-;-;2;-;1;-;2;3;44
"312920 Heliodora";2;3;-;1;1;3;-;-;9;9;2;-;-;2;-;-;2;6;3;43
"312930 Iapu";2;11;1;6;2;-;-;-;19;11;9;-;-;1;-;-;1;3;8;74
"312940 Ibertioga";-;4;1;3;3;-;-;-;15;8;1;1;-;1;-;-;-;2;3;42
"312950 Ibiá";8;20;-;6;3;3;-;-;31;12;3;-;-;7;-;5;1;11;14;124
"312960 Ibiaí";2;3;-;1;-;2;-;-;9;4;1;-;1;-;-;2;-;11;2;38
"312965 Ibiracatu";-;4;1;2;1;-;-;-;5;6;2;-;-;-;-;-;-;10;4;35
"312970 Ibiraci";1;8;-;5;1;1;-;-;12;8;3;-;-;2;-;4;-;9;6;60
"312980 Ibirité";23;136;3;29;8;18;-;-;171;60;37;5;4;17;1;9;14;88;107;730
"312990 Ibitiúra de Minas";1;5;1;3;-;1;-;-;7;3;1;-;-;2;-;-;-;1;3;28
"313000 Ibituruna";-;1;-;2;-;-;-;-;2;3;2;-;-;1;-;-;-;2;2;15
"313005 Icaraí de Minas";7;10;-;-;-;-;-;-;12;3;7;-;-;1;-;2;1;12;5;60
"313010 Igarapé";13;29;4;8;3;3;-;-;45;23;13;-;-;8;-;2;6;32;42;231
"313020 Igaratinga";-;11;-;6;-;1;-;-;11;9;2;-;1;-;-;-;-;2;8;51
"313030 Iguatama";4;13;-;3;-;2;-;-;21;12;4;-;-;2;-;-;1;1;6;69
"313040 Ijaci";2;7;-;4;-;2;-;-;13;8;4;-;-;1;-;-;-;1;-;42
"313050 Ilicínea";-;16;-;10;-;-;-;-;26;11;3;-;1;2;-;2;-;4;6;81
"313055 Imbé de Minas";1;3;-;4;1;-;-;-;15;1;2;-;-;-;-;2;-;-;5;34
"313060 Inconfidentes";-;5;1;4;-;-;-;1;8;5;2;1;-;-;-;-;-;-;-;27
"313065 Indaiabira";2;6;-;-;-;-;-;-;8;2;2;-;-;3;-;1;-;7;8;39
"313070 Indianópolis";3;2;-;-;-;2;-;-;3;4;-;-;-;-;-;-;-;3;2;19
"313080 Ingaí";-;5;-;1;-;-;-;-;3;1;-;-;-;-;-;-;-;1;-;11
"313090 Inhapim";2;30;-;14;-;4;-;-;54;12;6;1;2;3;-;1;-;9;19;157
"313100 Inhaúma";2;6;-;1;-;1;-;-;7;6;2;-;-;1;-;1;-;3;1;31
"313110 Inimutaba";5;6;-;-;1;-;-;-;8;11;1;-;-;-;-;-;1;13;4;50
"313115 Ipaba";7;10;1;5;3;1;-;-;28;9;6;-;2;3;-;-;-;2;18;95
"313120 Ipanema";8;24;-;8;-;2;-;-;45;28;5;1;-;1;-;1;-;10;14;147
"313130 Ipatinga";75;240;10;55;20;42;-;-;321;172;57;13;9;44;-;18;7;13;165;1261
"313140 Ipiaçu";1;9;-;-;-;-;-;-;9;6;1;-;-;1;-;-;-;-;3;30
"313150 Ipuiúna";2;11;1;8;3;2;-;-;18;13;4;-;-;-;-;-;-;1;4;67
"313160 Iraí de Minas";1;3;-;-;-;-;-;-;8;5;3;-;-;-;-;1;-;4;4;29
"313170 Itabira";29;104;5;42;19;16;-;-;184;94;24;1;8;17;-;11;7;15;98;674
"313180 Itabirinha";-;8;-;6;-;5;-;-;21;8;1;1;-;2;-;-;1;6;8;67
"313190 Itabirito";15;51;4;7;3;6;-;-;58;46;13;-;-;9;1;2;4;31;21;271
"313200 Itacambira";1;4;-;-;-;-;-;-;6;6;-;-;-;-;-;-;-;5;1;23
"313210 Itacarambi";8;8;2;5;-;-;-;-;29;17;4;-;-;7;-;2;1;22;11;116
"313220 Itaguara";1;15;1;5;5;5;-;-;26;15;3;-;-;1;-;2;1;2;10;92
"313230 Itaipé";3;8;1;14;4;2;-;-;12;4;3;-;-;-;1;1;-;13;13;79
"313240 Itajubá";11;94;3;35;13;25;-;-;201;86;34;4;5;35;-;13;5;15;42;621
"313250 Itamarandiba";5;20;1;11;6;1;-;-;40;5;8;-;1;2;1;5;2;41;14;163
"313260 Itamarati de Minas";-;1;1;2;1;1;-;-;9;6;2;-;-;1;-;-;-;-;2;26
"313270 Itambacuri";9;37;3;29;6;3;-;-;42;18;16;-;1;3;-;1;-;17;24;209
"313280 Itambé do Mato Dentro";-;3;-;-;-;-;-;-;4;1;-;1;1;-;-;-;-;-;2;12
"313290 Itamogi";3;7;-;4;-;1;-;-;16;11;2;-;-;3;-;-;1;5;5;58
"313300 Itamonte";4;25;-;12;6;2;-;-;38;10;6;-;-;2;-;2;-;2;7;116
"313310 Itanhandu";-;25;-;12;-;5;-;-;27;9;10;-;-;1;-;1;1;-;7;98
"313320 Itanhomi";4;11;-;8;2;1;-;-;21;5;10;-;-;1;1;-;-;3;9;76
"313330 Itaobim";14;15;1;6;3;1;-;-;25;6;12;1;-;2;-;-;-;26;15;127
"313340 Itapagipe";3;12;2;1;1;2;-;-;22;18;2;-;-;1;-;1;-;6;6;77
"313350 Itapecerica";5;19;-;10;1;2;-;-;60;25;7;-;1;2;-;1;-;7;16;156
"313360 Itapeva";1;5;1;3;-;2;-;-;14;6;2;-;1;3;-;-;-;4;9;51
"313370 Itatiaiuçu";2;10;1;4;1;2;-;-;23;10;4;-;-;-;-;-;-;1;7;65
"313375 Itaú de Minas";6;19;-;4;1;4;-;-;26;15;2;-;-;2;-;1;-;13;3;96
"313380 Itaúna";22;85;3;34;6;21;-;-;194;81;35;1;8;8;1;9;3;21;75;607
"313390 Itaverava";1;9;-;4;-;-;-;-;11;3;-;-;-;3;-;-;-;3;2;36
"313400 Itinga";6;8;1;4;-;-;-;1;12;5;6;-;-;2;-;1;-;29;12;87
"313410 Itueta";1;10;-;5;2;-;-;-;12;8;6;-;2;-;-;1;1;2;7;57
"313420 Ituiutaba";36;121;2;62;16;20;-;-;206;112;36;2;8;15;-;10;-;55;66;767
"313430 Itumirim";-;2;-;3;-;-;-;-;8;6;3;-;-;2;1;1;-;1;1;28
"313440 Iturama";5;39;-;16;1;5;-;-;55;19;9;-;-;3;-;3;6;40;24;225
"313450 Itutinga";-;5;-;2;1;-;-;-;14;2;1;-;2;1;-;1;-;-;1;30
"313460 Jaboticatubas";1;18;1;4;5;3;-;-;39;12;11;1;-;1;-;3;2;10;12;123
"313470 Jacinto";3;10;-;7;-;-;-;-;24;9;5;-;-;-;-;2;-;6;6;72
"313480 Jacuí";2;10;-;3;-;2;-;-;10;7;3;-;-;-;-;-;-;15;2;54
"313490 Jacutinga";2;26;-;8;1;4;1;-;33;24;7;-;2;5;-;2;-;22;9;146
"313500 Jaguaraçu";-;3;-;1;-;-;-;-;5;3;-;-;-;-;-;-;-;-;2;14
"313505 Jaíba";7;13;-;2;2;1;-;-;23;16;8;-;-;6;-;1;4;21;37;141
"313507 Jampruca";2;2;1;1;2;1;-;-;7;2;3;-;-;-;-;-;-;3;6;30
"313510 Janaúba";21;65;3;15;7;9;-;1;76;50;23;4;1;13;-;7;9;43;65;412
"313520 Januária";12;42;4;9;2;5;-;-;91;31;25;3;2;12;-;9;1;93;37;378
"313530 Japaraíba";3;3;-;-;1;-;-;-;8;-;1;-;-;-;-;-;1;-;2;19
"313535 Japonvar";3;2;-;2;-;3;-;-;9;3;2;-;-;2;-;-;1;7;4;38
"313540 Jeceaba";-;2;2;3;-;2;-;-;11;5;-;-;-;1;-;-;-;9;3;38
"313545 Jenipapo de Minas";5;1;-;1;-;1;-;-;5;1;2;-;-;1;-;2;-;14;-;33
"313550 Jequeri";3;20;-;3;3;-;-;-;20;11;3;1;2;4;-;1;-;6;10;87
"313560 Jequitaí";5;8;1;2;1;-;-;-;9;5;6;-;-;-;-;-;-;8;8;53
"313570 Jequitibá";1;8;-;1;-;-;-;-;6;2;-;-;-;-;-;1;-;1;2;22
"313580 Jequitinhonha";7;27;1;14;5;1;-;-;41;24;6;1;2;-;1;1;2;17;18;168
"313590 Jesuânia";-;3;-;3;1;-;-;-;9;3;-;-;-;2;-;-;1;1;2;25
"313600 Joaíma";4;14;-;5;1;1;-;-;32;12;5;-;-;-;-;3;1;26;17;121
"313610 Joanésia";4;6;-;1;2;1;-;-;7;8;1;-;-;2;-;-;-;1;3;36
"313620 João Monlevade";32;76;5;28;6;13;-;-;125;50;28;1;1;12;1;7;1;29;41;456
"313630 João Pinheiro";9;33;1;8;6;7;-;-;78;24;15;-;-;5;1;7;2;36;52;284
"313640 Joaquim Felício";-;5;-;2;-;-;-;-;3;1;1;-;1;-;-;2;-;4;1;20
"313650 Jordânia";2;5;-;-;-;2;-;-;20;6;4;-;1;2;-;1;1;11;7;62
"313652 José Gonçalves de Minas";3;2;-;2;-;-;-;-;8;-;1;-;-;-;-;-;-;2;3;21
"313655 José Raydan";-;3;-;2;1;-;-;-;12;1;-;1;-;-;-;1;-;3;1;25
"313657 Josenópolis";4;5;-;-;1;-;-;-;8;1;-;-;-;-;-;-;-;5;8;32
"313665 Juatuba";2;27;-;8;1;1;-;-;25;7;4;-;2;2;-;2;1;21;24;127
"313670 Juiz de Fora";202;701;28;195;92;179;-;1;995;543;177;22;25;156;2;57;28;264;395;4062
"313680 Juramento";1;4;-;-;-;-;-;-;6;1;1;-;1;2;-;1;-;1;4;22
"313690 Juruaia";3;6;-;-;1;-;-;-;8;5;-;-;-;1;-;-;1;3;4;32
"313695 Juvenília";-;3;1;2;-;1;-;-;4;3;1;-;-;-;-;2;-;2;3;22
"313700 Ladainha";3;8;2;5;3;3;-;-;23;6;5;1;-;1;-;3;-;11;14;88
"313710 Lagamar";3;8;-;3;-;1;-;-;10;9;1;-;-;-;-;-;-;3;6;44
"313720 Lagoa da Prata";14;38;3;13;4;4;-;-;96;37;15;1;4;3;-;5;2;4;31;274
"313730 Lagoa dos Patos";1;2;-;1;-;-;-;-;8;2;-;-;-;-;1;2;1;3;5;26
"313740 Lagoa Dourada";-;11;-;6;1;1;-;-;23;6;4;-;-;-;-;-;1;11;5;69
"313750 Lagoa Formosa";11;19;1;6;1;2;-;-;34;6;6;-;1;-;-;2;1;5;16;111
"313753 Lagoa Grande";-;6;-;5;-;1;-;-;9;6;3;-;-;-;-;1;1;4;9;45
"313760 Lagoa Santa";19;53;3;14;-;8;-;-;67;27;19;1;3;5;-;3;3;13;53;291
"313770 Lajinha";8;15;1;12;-;3;-;-;41;14;4;-;-;2;-;-;4;15;15;134
"313780 Lambari";4;18;5;7;1;2;-;-;57;19;9;-;-;9;-;1;-;8;19;159
"313790 Lamim";3;2;-;-;-;-;-;-;5;1;-;-;-;-;-;1;-;1;7;20
"313800 Laranjal";2;7;1;3;-;-;-;-;15;6;1;-;-;-;-;-;-;4;1;40
"313810 Lassance";2;3;1;1;-;1;-;-;8;5;1;-;-;2;-;2;-;4;6;36
"313820 Lavras";21;111;-;49;12;28;-;-;171;73;28;3;6;16;1;12;7;23;58;619
"313830 Leandro Ferreira";1;8;-;2;-;-;-;-;7;1;2;-;1;1;-;-;-;4;5;32
"313835 Leme do Prado";2;4;1;1;-;-;-;-;3;3;-;-;-;2;-;-;-;2;-;18
"313840 Leopoldina";23;52;3;26;3;8;-;-;128;69;17;1;4;11;1;10;1;10;29;396
"313850 Liberdade";2;5;-;2;1;-;-;-;4;1;2;-;-;-;-;-;-;-;2;19
"313860 Lima Duarte";5;25;2;14;2;8;-;-;51;12;7;1;1;4;-;1;-;5;10;148
"313862 Limeira do Oeste";1;4;1;2;-;-;-;-;8;3;-;-;-;1;-;-;-;9;6;35
"313865 Lontra";3;6;1;3;1;-;-;-;18;16;4;-;-;1;-;-;1;21;5;80
"313867 Luisburgo";3;5;-;4;-;-;-;-;9;5;2;-;-;1;-;1;-;8;4;42
"313868 Luislândia";1;11;-;1;-;1;-;-;10;3;3;-;-;-;-;1;-;6;1;38
"313870 Luminárias";-;5;-;1;-;-;-;-;10;8;5;-;-;-;-;-;-;3;3;35
"313880 Luz";7;21;-;5;5;7;-;-;46;13;6;-;3;3;-;2;-;3;10;131
"313890 Machacalis";5;6;-;4;1;-;-;-;17;4;6;-;-;-;-;2;-;8;9;62
"313900 Machado";11;34;2;15;9;3;-;-;66;30;7;2;3;7;-;4;2;7;15;217
"313910 Madre de Deus de Minas";-;8;-;-;1;1;-;-;13;5;1;1;-;-;-;-;-;3;3;36
"313920 Malacacheta";1;17;-;7;4;2;-;-;41;15;6;-;1;1;-;5;-;10;6;116
"313925 Mamonas";2;7;-;1;-;2;-;-;10;1;4;-;1;-;-;1;-;7;2;38
"313930 Manga";6;16;1;6;2;-;-;-;30;18;3;-;-;6;-;4;1;12;19;124
"313940 Manhuaçu";22;74;4;23;5;9;-;-;139;63;17;1;3;11;-;14;2;77;53;517
"313950 Manhumirim";5;20;1;10;-;3;-;-;49;23;12;-;2;3;-;4;-;21;23;176
"313960 Mantena";8;30;2;27;1;4;-;-;74;17;5;-;1;4;-;3;-;3;25;204
"313980 Mar de Espanha";2;17;-;8;1;1;-;-;31;9;6;-;-;1;-;2;-;12;7;97
"313970 Maravilhas";1;5;1;-;1;3;-;-;15;6;1;-;-;1;-;-;-;2;5;41
"313990 Maria da Fé";2;23;-;8;2;2;-;-;32;17;3;1;-;4;-;-;-;6;11;111
"314000 Mariana";8;55;-;15;5;5;-;-;74;47;13;-;1;11;-;2;2;31;38;307
"314010 Marilac";1;3;-;1;-;2;-;-;6;3;-;-;-;1;-;-;-;1;5;23
"314015 Mário Campos";1;13;-;3;1;2;-;-;16;3;3;-;-;3;-;2;1;12;14;74
"314020 Maripá de Minas";1;5;1;2;1;-;-;-;4;3;-;-;-;-;-;1;-;2;4;24
"314030 Marliéria";2;7;-;1;-;-;-;-;7;5;-;-;1;-;-;-;-;-;3;26
"314040 Marmelópolis";-;2;-;3;-;1;-;-;7;8;2;-;-;1;-;1;-;-;2;27
"314050 Martinho Campos";4;14;1;5;-;2;-;-;18;11;3;-;-;3;-;-;-;11;6;78
"314053 Martins Soares";6;6;-;2;-;2;-;-;15;6;2;-;-;-;-;2;-;4;7;52
"314055 Mata Verde";-;4;-;3;1;-;-;-;3;2;1;-;-;-;-;-;-;14;1;29
"314060 Materlândia";-;5;1;7;1;1;-;-;12;3;2;-;-;-;-;-;1;1;2;36
"314070 Mateus Leme";5;31;1;7;-;2;-;-;34;10;12;-;1;2;-;-;-;44;36;185
"317150 Mathias Lobato";2;3;-;1;-;2;-;-;4;3;1;-;1;-;-;-;-;1;5;23
"314080 Matias Barbosa";5;23;-;5;3;4;-;-;29;14;4;-;-;7;-;3;1;18;10;126
"314085 Matias Cardoso";1;3;-;2;-;-;-;-;5;3;2;-;-;-;1;1;-;14;8;40
"314090 Matipó";6;14;1;7;-;7;-;-;31;13;4;-;-;4;-;-;3;18;10;118
"314100 Mato Verde";4;13;1;4;2;2;-;-;23;3;3;-;-;3;-;-;-;11;7;76
"314110 Matozinhos";9;33;2;5;4;2;-;-;59;20;12;-;1;5;-;3;1;15;27;198
"314120 Matutina";-;5;-;1;-;-;-;-;10;9;2;2;-;-;-;2;-;5;3;39
"314130 Medeiros";3;2;-;3;1;1;-;-;7;-;3;-;-;-;-;-;-;1;1;22
"314140 Medina";7;20;1;15;4;3;-;-;61;13;18;-;-;3;1;1;-;21;18;186
"314150 Mendes Pimentel";1;3;-;2;-;3;-;-;13;1;-;-;-;-;-;1;-;2;1;27
"314160 Mercês";1;9;-;10;-;1;-;-;23;9;4;-;-;4;-;2;-;8;10;81
"314170 Mesquita";4;8;1;4;-;1;-;-;11;6;5;-;-;-;-;-;-;-;5;45
"314180 Minas Novas";16;18;-;8;3;1;-;-;21;12;6;-;-;2;-;7;-;54;7;155
"314190 Minduri";-;7;-;4;-;1;-;-;14;1;-;-;-;2;-;-;-;-;2;31
"314200 Mirabela";3;9;1;4;4;2;-;-;24;12;5;-;1;3;-;-;1;10;11;90
"314210 Miradouro";1;9;-;4;1;1;-;-;21;8;4;2;-;2;-;1;1;8;5;68
"314220 Miraí";1;20;1;11;2;2;-;-;39;16;2;-;-;3;-;1;-;7;7;112
"314225 Miravânia";-;7;-;1;-;-;-;-;5;4;1;-;-;-;-;-;-;9;5;32
"314230 Moeda";3;4;-;2;1;2;-;-;9;5;1;-;-;-;-;-;-;2;4;33
"314240 Moema";-;7;1;2;1;1;-;-;14;7;-;-;-;-;-;-;-;4;6;43
"314250 Monjolos";-;2;-;1;2;-;-;-;6;1;-;-;-;1;-;-;-;2;2;17
"314260 Monsenhor Paulo";4;10;1;8;3;-;-;-;15;10;6;1;-;3;-;1;1;3;3;69
"314270 Montalvânia";5;14;-;1;5;2;-;-;23;2;8;-;-;-;1;1;-;20;14;96
"314280 Monte Alegre de Minas";2;29;1;7;3;5;-;-;26;16;7;-;-;2;-;4;2;16;16;136
"314290 Monte Azul";2;13;-;5;2;2;-;-;29;14;9;1;1;4;-;-;1;31;15;129
"314300 Monte Belo";2;14;1;9;1;2;-;-;24;8;7;-;-;1;-;-;1;7;9;86
"314310 Monte Carmelo";24;43;-;18;3;10;-;-;64;30;11;2;-;10;-;2;1;35;39;292
"314315 Monte Formoso";-;3;-;-;-;-;-;-;4;-;-;-;-;-;-;-;1;5;4;17
"314320 Monte Santo de Minas";4;32;-;7;3;3;-;-;44;25;7;1;-;3;-;1;1;33;13;177
"314340 Monte Sião";3;18;-;11;1;4;-;-;32;19;12;1;-;6;-;-;-;7;10;124
"314330 Montes Claros";104;312;11;67;28;52;-;-;380;202;121;7;29;46;6;48;23;290;264;1990
"314345 Montezuma";-;4;1;2;1;-;-;-;13;1;5;1;-;-;-;-;-;8;5;41
"314350 Morada Nova de Minas";6;8;-;3;1;1;-;-;15;8;5;-;-;2;-;1;-;4;4;58
"314360 Morro da Garça";-;3;-;-;-;-;-;-;1;1;-;-;-;1;-;-;-;3;1;10
"314370 Morro do Pilar";1;-;-;-;1;-;-;-;5;6;-;-;-;1;-;-;-;1;-;15
"314380 Munhoz";1;4;1;4;-;1;-;-;16;5;3;-;-;-;-;1;-;1;1;38
"314390 Muriaé";30;171;2;52;11;25;-;-;258;110;26;1;6;24;-;10;8;5;84;823
"314400 Mutum";11;25;2;10;2;3;-;-;50;13;5;3;-;7;-;-;4;16;27;178
"314410 Muzambinho";10;18;3;20;4;10;-;-;54;26;11;1;2;4;-;5;-;11;13;192
"314420 Nacip Raydan";-;6;1;1;1;-;-;-;8;1;2;-;-;-;-;-;-;1;5;26
"314430 Nanuque";9;32;1;29;4;5;-;-;91;30;16;-;1;3;1;4;-;32;37;295
"314435 Naque";3;7;-;1;-;1;-;-;15;5;2;1;-;-;-;-;-;1;10;46
"314437 Natalândia";4;1;-;-;-;1;-;-;1;3;-;-;-;-;-;-;-;4;2;16
"314440 Natércia";1;5;-;3;-;1;-;-;16;3;2;-;-;2;-;-;-;-;3;36
"314450 Nazareno";1;7;-;2;1;1;-;-;21;7;3;-;-;1;-;1;1;5;8;59
"314460 Nepomuceno";2;37;-;8;5;4;-;-;65;27;11;-;1;10;-;3;1;9;15;198
"314465 Ninheira";-;6;-;2;1;1;-;-;15;5;2;-;1;1;-;2;-;2;6;44
"314467 Nova Belém";1;2;-;2;-;1;-;-;2;1;1;-;-;-;-;-;-;-;3;13
"314470 Nova Era";3;19;-;11;3;4;-;-;40;17;8;1;1;7;-;2;1;11;13;141
"314480 Nova Lima";15;93;2;30;2;19;-;-;120;54;18;1;2;12;-;3;2;35;48;456
"314490 Nova Módica";1;4;-;1;-;-;-;-;8;1;-;-;-;-;-;-;-;-;1;16
"314500 Nova Ponte";3;7;-;5;1;-;-;-;20;6;2;1;-;3;-;-;-;7;7;62
"314505 Nova Porteirinha";3;3;-;1;-;-;-;-;9;3;3;-;1;1;-;1;-;5;6;36
"314510 Nova Resende";2;11;-;4;2;-;-;-;32;14;4;-;-;4;-;-;1;4;7;85
"314520 Nova Serrana";16;38;4;4;1;8;-;-;52;21;7;1;2;4;-;10;3;24;73;268
"313660 Nova União";-;6;-;-;-;-;-;-;4;7;2;1;1;1;-;-;1;6;5;34
"314530 Novo Cruzeiro";12;35;3;18;12;8;-;-;48;15;13;-;-;2;-;6;-;30;27;229
"314535 Novo Oriente de Minas";-;9;2;4;-;-;-;-;12;4;1;-;-;2;-;1;1;11;10;57
"314537 Novorizonte";2;3;1;-;1;1;-;-;7;1;2;-;-;1;-;-;-;5;2;26
"314540 Olaria";-;1;-;-;-;-;-;-;5;2;1;-;-;1;-;-;-;2;2;14
"314545 Olhos-d'Água";1;5;-;-;-;-;-;-;7;1;3;-;-;-;-;-;-;4;3;24
"314550 Olímpio Noronha";-;4;2;3;-;-;-;-;7;1;-;1;-;1;-;-;-;-;1;20
"314560 Oliveira";12;41;2;20;5;17;-;-;76;39;22;-;5;3;-;2;-;6;29;279
"314570 Oliveira Fortes";-;1;-;-;-;1;-;-;1;2;-;-;-;1;-;-;-;-;1;7
"314580 Onça de Pitangui";1;3;1;1;-;-;-;-;6;2;-;-;-;-;-;-;-;5;3;22
"314585 Oratórios";1;3;1;-;1;-;-;-;10;8;2;-;-;-;-;-;-;2;4;32
"314587 Orizânia";3;4;-;1;1;3;-;-;10;5;3;-;1;-;-;2;2;2;5;42
"314590 Ouro Branco";8;38;-;12;3;10;-;-;41;10;7;-;1;4;-;5;1;9;15;164
"314600 Ouro Fino";12;37;-;21;5;10;-;-;76;22;15;1;-;7;-;4;-;1;11;222
"314610 Ouro Preto";9;84;2;17;2;8;-;-;117;49;11;2;-;9;-;7;1;45;33;396
"314620 Ouro Verde de Minas";1;13;-;4;2;-;-;-;15;1;4;-;-;1;-;1;2;3;7;54
"314625 Padre Carvalho";9;1;-;1;-;1;-;-;10;2;-;-;-;-;-;-;1;7;7;39
"314630 Padre Paraíso";7;19;4;9;5;2;-;-;40;9;10;-;-;5;-;2;1;22;24;159
"314655 Pai Pedro";2;6;-;1;-;1;-;-;6;2;1;-;-;1;-;2;-;7;7;36
"314640 Paineiras";4;4;-;2;-;1;-;-;9;6;1;-;-;-;-;-;1;2;3;33
"314650 Pains";3;15;3;1;1;3;-;-;19;8;4;-;-;1;-;-;-;5;4;67
"314660 Paiva";-;2;-;-;-;-;-;-;2;1;-;-;-;2;-;-;-;-;2;9
"314670 Palma";2;12;-;3;-;1;-;-;17;6;2;-;-;1;-;-;-;6;5;55
"314675 Palmópolis";2;2;-;4;1;2;-;-;10;6;5;-;-;1;-;-;-;14;4;51
"314690 Papagaios";5;10;1;8;1;2;-;-;18;10;4;-;-;2;-;-;-;5;19;85
"314710 Pará de Minas";21;87;1;22;7;22;-;-;122;47;25;1;3;13;-;8;7;62;69;517
"314700 Paracatu";27;56;7;12;6;7;-;-;95;38;16;-;1;8;-;11;6;99;89;478
"314720 Paraguaçu";6;18;1;5;4;4;-;-;41;26;6;-;-;4;-;3;3;4;9;134
"314730 Paraisópolis";1;20;2;12;6;3;-;-;44;22;12;2;-;8;-;1;1;4;15;153
"314740 Paraopeba";10;13;2;10;4;3;-;-;34;12;4;2;-;-;-;4;-;3;16;117
"314760 Passa Quatro";1;19;1;21;2;12;-;-;45;7;6;-;-;5;-;1;-;5;5;130
"314770 Passa Tempo";2;8;-;2;1;5;-;-;24;10;4;1;-;-;-;-;2;2;3;64
"314780 Passa-Vinte";-;4;-;1;-;-;-;-;1;-;-;-;-;-;-;1;-;-;1;8
"314750 Passabém";-;2;-;1;-;1;-;-;5;2;-;-;-;-;-;-;-;2;1;14
"314790 Passos";38;112;4;27;9;33;-;-;188;131;61;3;5;18;1;8;4;97;53;792
"314795 Patis";-;2;-;-;1;-;-;-;5;3;3;-;-;-;-;-;-;4;2;20
"314800 Patos de Minas";49;141;10;49;13;15;-;-;240;107;49;2;5;30;-;11;5;29;91;846
"314810 Patrocínio";30;76;5;24;3;14;-;-;118;50;29;-;-;12;-;8;3;37;68;477
"314820 Patrocínio do Muriaé";-;9;1;2;-;1;-;-;20;3;2;-;1;1;-;-;1;3;4;48
"314830 Paula Cândido";3;11;-;2;1;-;-;-;24;10;2;-;-;6;-;-;-;4;6;69
"314840 Paulistas";-;2;-;4;-;-;-;-;12;6;1;-;-;-;-;3;1;4;4;37
"314850 Pavão";1;11;1;6;-;2;-;-;13;6;-;-;-;1;-;1;-;9;7;58
"314860 Peçanha";2;21;2;12;2;-;-;-;30;9;3;-;-;2;-;2;-;14;21;120
"314870 Pedra Azul";8;15;-;13;1;2;-;-;22;5;13;-;-;1;-;5;1;27;12;125
"314875 Pedra Bonita";2;6;-;2;1;1;-;-;8;-;1;-;-;-;-;-;-;-;4;25
"314880 Pedra do Anta";-;4;-;2;-;-;-;-;8;3;3;-;-;2;-;-;-;1;1;24
"314890 Pedra do Indaiá";-;3;-;2;-;-;-;-;9;4;1;-;-;-;-;-;-;-;4;23
"314900 Pedra Dourada";1;1;-;-;-;-;-;-;4;2;-;-;-;2;-;-;-;1;1;12
"314910 Pedralva";5;8;1;2;2;2;-;-;24;9;5;1;-;3;-;1;-;5;3;71
"314915 Pedras de Maria da Cruz";3;5;-;-;2;-;-;-;14;5;3;-;-;-;-;-;1;22;8;63
"314920 Pedrinópolis";2;2;-;2;1;-;-;-;6;5;1;-;-;-;-;2;-;3;1;25
"314930 Pedro Leopoldo";12;58;2;19;2;7;1;-;92;48;21;2;3;9;1;1;3;24;28;333
"314940 Pedro Teixeira";-;1;-;1;-;-;-;-;3;2;1;-;-;-;-;-;-;-;1;9
"314950 Pequeri";1;1;-;2;-;1;-;-;6;1;-;-;-;2;-;-;-;-;2;16
"314960 Pequi";1;5;-;7;-;3;-;-;6;7;-;-;-;1;-;1;-;7;2;40
"314970 Perdigão";1;8;-;-;-;-;-;-;17;5;1;-;-;-;-;-;-;2;9;43
"314980 Perdizes";4;9;-;5;-;-;-;-;12;9;1;-;-;-;-;2;-;12;8;62
"314990 Perdões";5;23;1;11;2;5;-;-;37;14;7;-;2;3;-;3;1;5;10;129
"314995 Periquito";1;9;-;4;-;2;-;-;17;11;4;1;-;2;-;2;1;4;7;65
"315000 Pescador";-;9;-;-;1;-;-;-;12;4;1;-;-;-;-;-;-;2;2;31
"315010 Piau";1;5;1;3;-;-;-;-;9;1;2;-;-;-;-;-;-;1;-;23
"315015 Piedade de Caratinga";2;4;-;3;1;-;-;-;16;7;2;-;-;2;-;-;-;1;5;43
"315020 Piedade de Ponte Nova";-;2;-;5;2;1;-;-;8;2;-;-;-;1;-;-;-;6;1;28
"315030 Piedade do Rio Grande";1;2;-;2;1;1;-;-;14;10;2;-;-;-;-;-;-;4;1;38
"315040 Piedade dos Gerais";-;5;-;1;-;1;-;-;10;4;1;-;-;-;-;1;-;-;4;27
"315050 Pimenta";5;9;1;3;1;1;-;-;14;2;2;-;-;1;-;1;-;4;3;47
"315053 Pingo-d'Água";1;4;-;-;-;-;-;-;11;4;1;-;-;-;-;1;-;-;7;29
"315057 Pintópolis";-;2;-;1;1;2;-;-;8;2;-;-;-;3;-;1;-;7;1;28
"315060 Piracema";4;6;-;5;-;1;-;-;12;7;3;-;-;-;-;-;1;-;4;43
"315070 Pirajuba";3;8;-;2;-;1;-;-;7;3;2;-;-;1;-;3;-;-;5;35
"315080 Piranga";3;11;1;9;-;1;-;-;27;14;5;-;-;1;-;2;1;14;5;94
"315090 Piranguçu";1;6;-;2;-;1;-;-;7;7;1;-;1;1;-;3;-;1;-;31
"315100 Piranguinho";2;13;1;2;-;-;-;-;10;15;3;2;-;3;-;-;-;1;8;60
"315110 Pirapetinga";1;13;-;5;-;1;-;-;27;9;6;-;-;4;-;2;-;-;2;70
"315120 Pirapora";16;51;1;12;4;7;-;-;56;30;15;1;2;8;1;3;3;37;48;295
"315130 Piraúba";4;13;-;7;1;4;-;-;29;10;3;-;-;2;-;3;-;10;11;97
"315140 Pitangui";9;27;-;21;2;4;-;-;49;21;7;-;1;4;-;1;-;6;21;173
"315150 Piumhi";14;30;1;6;3;9;-;-;57;55;14;2;-;5;-;6;1;14;16;233
"315160 Planura";4;6;-;5;1;-;-;-;11;4;-;1;-;1;-;-;-;10;5;48
"315170 Poço Fundo";3;17;1;8;-;1;-;-;36;17;3;-;-;5;-;2;-;7;9;109
"315180 Poços de Caldas";33;235;4;62;28;27;-;-;356;135;70;8;3;57;1;14;7;41;89;1170
"315190 Pocrane";1;13;-;4;2;1;-;-;27;5;2;-;-;-;-;-;-;2;3;60
"315200 Pompéu";5;32;-;12;1;7;-;-;34;11;11;2;-;1;-;3;3;20;26;168
"315210 Ponte Nova";15;78;1;23;18;15;-;-;135;40;34;6;4;11;-;3;7;30;45;465
"315213 Ponto Chique";3;7;-;-;-;-;-;-;6;3;-;1;-;1;-;-;-;5;-;26
"315217 Ponto dos Volantes";3;9;-;4;2;-;-;-;17;2;4;-;-;1;1;-;-;22;11;76
"315220 Porteirinha";16;32;5;8;3;7;-;-;46;16;15;-;2;9;1;6;1;47;31;245
"315230 Porto Firme";4;13;2;5;2;-;-;-;18;11;4;-;-;2;-;-;-;9;7;77
"315240 Poté";7;16;1;7;3;1;-;-;32;6;7;1;-;1;-;1;2;18;10;113
"315250 Pouso Alegre";26;151;9;38;18;19;-;2;187;103;51;1;4;41;1;12;7;37;103;810
"315260 Pouso Alto";1;16;1;7;1;2;-;-;15;3;4;-;-;2;-;1;-;1;10;64
"315270 Prados";1;10;-;3;1;1;-;-;21;11;1;-;1;1;-;3;-;3;7;64
"315280 Prata";12;20;-;8;1;1;-;-;52;18;11;-;1;9;-;4;1;10;26;174
"315290 Pratápolis";5;10;-;2;-;5;-;-;18;11;2;-;-;2;-;-;1;13;6;75
"315300 Pratinha";-;2;-;-;-;-;-;-;2;4;1;-;-;-;-;1;-;2;3;15
"315310 Presidente Bernardes";-;8;-;5;-;1;-;-;14;4;4;-;-;1;-;1;-;3;7;48
"315320 Presidente Juscelino";-;5;-;1;1;2;-;-;3;2;-;-;-;-;-;1;-;4;4;23
"315330 Presidente Kubitschek";1;6;-;2;-;1;-;-;4;4;3;-;-;-;-;2;-;3;2;28
"315340 Presidente Olegário";11;17;2;4;1;1;-;-;47;12;5;-;1;5;-;-;-;5;12;123
"315360 Prudente de Morais";2;10;-;2;1;1;-;-;13;6;4;-;-;3;-;2;1;5;4;54
"315370 Quartel Geral";1;4;-;2;-;-;-;-;4;1;4;-;-;1;-;-;-;7;1;25
"315380 Queluzito";-;5;-;2;-;-;-;-;6;-;-;-;-;1;-;-;-;2;1;17
"315390 Raposos";-;8;-;1;1;1;-;-;23;12;3;-;-;-;-;1;-;1;1;52
"315400 Raul Soares";5;33;-;13;3;8;-;-;61;21;5;-;2;5;-;1;2;5;15;179
"315410 Recreio";2;12;1;8;1;5;-;-;34;12;5;-;1;2;-;-;-;1;2;86
"315415 Reduto";2;5;-;-;-;1;-;-;15;6;5;-;1;1;-;1;1;5;4;47
"315420 Resende Costa";6;8;-;4;-;4;-;-;39;20;6;-;-;1;-;3;2;4;6;103
"315430 Resplendor";1;13;-;11;1;2;-;-;46;16;13;1;1;5;-;9;1;7;16;143
"315440 Ressaquinha";2;6;-;-;-;1;-;-;11;5;3;-;-;1;-;-;-;-;2;31
"315445 Riachinho";3;12;-;-;1;2;-;-;14;1;1;-;-;-;-;-;-;2;1;37
"315450 Riacho dos Machados";4;2;-;2;-;-;-;-;14;5;4;-;-;-;-;5;2;17;6;61
"315460 Ribeirão das Neves";54;198;9;67;41;27;-;-;348;125;77;9;14;29;4;39;16;92;276;1425
"315470 Ribeirão Vermelho";-;7;1;2;-;-;-;-;11;9;-;-;1;-;-;-;-;3;2;36
"315480 Rio Acima";1;9;-;2;1;2;-;-;19;8;-;-;1;3;-;-;-;6;5;57
"315490 Rio Casca";5;13;-;11;4;3;-;-;36;11;5;1;-;5;-;2;2;8;9;115
"315510 Rio do Prado";-;2;-;2;2;-;-;-;12;1;-;1;-;-;-;1;1;5;2;29
"315500 Rio Doce";1;4;-;-;-;1;-;-;8;3;1;-;-;-;-;-;-;1;-;19
"315520 Rio Espera";1;8;-;2;3;1;-;-;20;3;1;-;-;2;-;-;-;4;1;46
"315530 Rio Manso";-;1;-;3;1;-;-;-;5;2;1;-;1;-;-;-;-;4;3;21
"315540 Rio Novo";2;6;1;6;2;5;-;-;24;14;4;-;-;2;-;-;1;2;6;75
"315550 Rio Paranaíba";4;10;1;3;4;1;-;-;16;5;2;-;-;2;-;-;-;5;5;58
"315560 Rio Pardo de Minas";9;21;1;7;1;1;-;-;43;11;8;1;-;1;-;2;2;25;16;149
"315570 Rio Piracicaba";3;19;1;11;-;-;-;-;24;8;6;-;1;2;-;1;-;8;10;94
"315580 Rio Pomba";7;22;1;11;1;2;-;-;44;18;8;-;-;3;-;1;-;7;6;131
"315590 Rio Preto";2;10;-;7;1;1;-;-;15;8;2;1;-;-;-;-;1;2;6;56
"315600 Rio Vermelho";1;6;1;4;-;3;-;-;30;10;2;-;-;1;1;3;1;6;2;71
"315610 Ritápolis";-;4;-;1;-;-;-;-;14;6;3;1;-;2;-;-;-;2;4;37
"315620 Rochedo de Minas";-;1;-;1;-;-;-;-;5;1;-;-;-;1;-;1;-;3;1;14
"315630 Rodeiro";2;8;1;5;-;1;-;-;10;5;3;-;-;2;-;1;1;10;2;51
"315640 Romaria";2;6;-;-;-;-;-;-;4;4;1;-;-;1;-;-;-;3;-;21
"315645 Rosário da Limeira";3;2;-;1;1;-;-;-;11;6;2;-;-;-;-;1;-;2;4;33
"315650 Rubelita";2;7;1;1;-;-;-;-;10;5;5;-;-;1;-;-;-;18;16;66
"315660 Rubim";3;5;-;1;-;-;-;-;31;8;4;1;-;1;-;1;1;6;3;65
"315670 Sabará";25;127;4;28;8;18;-;-;161;78;25;4;4;16;2;12;12;125;107;756
"315680 Sabinópolis";5;11;1;11;3;2;-;-;23;6;7;-;1;3;-;6;-;19;9;107
"315690 Sacramento";13;25;-;5;3;3;-;-;36;29;6;1;-;6;-;2;1;19;17;166
"315700 Salinas";15;28;2;15;2;3;-;-;71;31;8;3;-;6;1;5;2;63;13;268
"315710 Salto da Divisa";1;4;-;2;1;-;-;-;20;11;2;1;-;1;-;3;-;5;8;59
"315720 Santa Bárbara";10;18;1;11;1;4;-;-;35;11;8;-;1;6;-;1;1;23;17;148
"315725 Santa Bárbara do Leste";2;9;-;2;-;1;-;-;21;6;3;-;-;2;-;-;-;1;11;58
"315727 Santa Bárbara do Monte Verde";-;4;-;1;-;1;-;-;7;1;1;-;-;-;-;-;-;3;3;21
"315730 Santa Bárbara do Tugúrio";-;2;1;2;-;1;-;-;13;5;2;-;-;3;-;-;-;1;4;34
"315733 Santa Cruz de Minas";1;7;-;1;-;-;-;-;9;9;5;1;-;-;-;2;-;6;7;48
"315737 Santa Cruz de Salinas";1;3;-;1;-;-;-;-;6;3;1;-;-;1;-;-;1;3;6;26
"315740 Santa Cruz do Escalvado";3;3;-;3;1;-;-;-;14;5;-;-;-;-;-;-;-;1;3;33
"315750 Santa Efigênia de Minas";-;5;-;4;-;1;-;-;6;3;3;-;-;-;-;1;-;2;8;33
"315760 Santa Fé de Minas";3;4;-;-;-;1;-;-;2;2;2;-;-;2;-;-;-;3;2;21
"315765 Santa Helena de Minas";1;3;-;4;-;1;-;1;18;4;4;-;-;1;1;3;-;4;5;50
"315770 Santa Juliana";9;3;1;4;-;4;-;-;15;8;3;-;-;2;-;-;-;3;8;60
"315780 Santa Luzia";59;186;3;62;8;22;-;-;229;93;60;4;6;27;3;25;10;128;183;1108
"315790 Santa Margarida";3;13;-;11;3;-;-;-;22;12;2;-;-;2;-;4;-;2;11;85
"315800 Santa Maria de Itabira";2;8;-;3;1;1;-;-;22;14;3;1;-;-;-;1;3;2;5;66
"315810 Santa Maria do Salto";2;2;-;-;-;-;-;-;6;1;-;-;-;-;-;2;-;1;-;14
"315820 Santa Maria do Suaçuí";7;15;-;8;-;3;-;-;29;3;5;-;1;2;-;2;1;15;12;103
"315920 Santa Rita de Caldas";1;7;-;5;3;-;-;-;23;14;2;-;-;-;-;-;-;1;5;61
"315940 Santa Rita de Ibitipoca";1;2;-;5;-;-;-;-;6;4;-;-;-;-;-;1;1;-;1;21
"315930 Santa Rita de Jacutinga";2;3;1;1;1;1;-;-;18;4;-;1;-;1;-;1;1;3;7;45
"315935 Santa Rita de Minas";-;3;-;2;-;-;-;-;25;5;8;1;-;1;-;1;-;5;3;54
"315950 Santa Rita do Itueto";2;2;-;2;-;1;-;-;8;4;2;-;-;1;-;-;-;-;3;25
"315960 Santa Rita do Sapucaí";2;33;-;13;3;12;-;-;97;29;14;1;-;7;-;7;5;3;20;246
"315970 Santa Rosa da Serra";1;3;-;-;-;2;-;-;3;2;2;-;-;-;-;-;1;1;-;15
"315980 Santa Vitória";7;23;2;7;2;3;-;-;29;15;4;-;-;6;-;4;1;5;19;127
"315830 Santana da Vargem";2;7;1;2;1;1;-;-;16;6;4;-;-;2;-;-;-;5;4;51
"315840 Santana de Cataguases";3;3;1;-;-;-;-;-;7;2;-;-;-;2;-;-;-;1;3;22
"315850 Santana de Pirapama";4;8;-;2;-;-;-;-;11;5;-;-;-;1;-;-;-;7;7;45
"315860 Santana do Deserto";-;6;-;1;-;2;-;-;7;2;1;-;-;3;-;-;-;-;1;23
"315870 Santana do Garambéu";-;3;-;1;1;1;-;-;5;4;-;-;-;-;-;-;-;1;3;19
"315880 Santana do Jacaré";2;4;-;4;-;1;-;-;14;3;3;-;-;1;-;-;-;-;2;34
"315890 Santana do Manhuaçu";-;11;-;2;2;1;-;-;10;4;2;1;1;-;-;1;2;7;12;56
"315895 Santana do Paraíso";6;19;1;4;2;2;-;-;43;14;5;-;1;3;-;-;3;16;25;144
"315900 Santana do Riacho";-;4;1;-;-;-;-;-;4;3;-;-;-;-;-;1;-;1;4;18
"315910 Santana dos Montes";-;2;-;2;-;-;-;-;2;4;1;2;-;2;1;-;-;6;-;22
"315990 Santo Antônio do Amparo";1;11;1;8;2;5;-;-;37;10;6;-;-;3;-;-;-;9;7;100
"316000 Santo Antônio do Aventureiro";-;6;-;7;-;1;-;-;11;4;1;1;-;-;-;-;-;-;-;31
"316010 Santo Antônio do Grama";1;7;-;3;2;2;-;-;9;1;1;-;-;1;-;-;1;2;2;32
"316020 Santo Antônio do Itambé";1;5;-;2;-;-;-;-;6;-;1;-;-;-;-;-;-;3;1;19
"316030 Santo Antônio do Jacinto";-;1;1;2;-;-;-;-;7;3;4;-;-;-;-;1;-;5;10;34
"316040 Santo Antônio do Monte";7;24;1;6;3;9;-;-;41;15;3;-;1;3;-;1;-;3;25;142
"316045 Santo Antônio do Retiro";-;1;1;1;-;-;-;-;6;1;6;1;-;-;-;1;-;11;4;33
"316050 Santo Antônio do Rio Abaixo";1;3;-;-;-;-;-;-;2;1;1;-;-;-;-;-;-;-;1;9
"316060 Santo Hipólito";2;2;-;-;-;-;-;-;3;1;1;-;-;-;-;-;-;-;-;9
"316070 Santos Dumont";13;52;1;29;5;8;-;-;124;46;20;1;3;11;-;5;3;47;23;391
"316080 São Bento Abade";-;2;-;1;2;1;-;-;6;3;1;-;-;3;-;-;-;1;3;23
"316090 São Brás do Suaçuí";2;3;-;2;1;1;-;-;7;1;4;-;-;1;-;-;-;3;3;28
"316095 São Domingos das Dores";-;9;-;2;-;-;-;-;7;2;1;-;-;-;-;-;-;1;3;25
"316100 São Domingos do Prata";2;21;1;14;1;6;-;-;36;9;4;1;-;7;-;1;-;10;11;124
"316105 São Félix de Minas";-;3;-;4;-;1;-;-;8;3;-;-;-;-;-;-;-;-;5;24
"316110 São Francisco";20;37;6;9;3;5;-;-;73;25;13;1;1;2;2;12;2;101;36;348
"316120 São Francisco de Paula";2;9;-;-;3;1;-;-;9;12;1;-;2;2;1;1;-;-;3;46
"316130 São Francisco de Sales";6;9;-;2;-;-;-;-;10;3;1;-;-;-;-;-;-;5;6;42
"316140 São Francisco do Glória";1;4;-;1;-;-;-;-;12;3;1;-;-;-;-;-;-;2;3;27
"316150 São Geraldo";1;14;1;8;3;6;-;-;26;9;2;-;-;4;-;1;-;2;6;83
"316160 São Geraldo da Piedade";-;-;1;1;-;-;-;-;8;3;2;-;-;1;-;-;-;4;4;24
"316165 São Geraldo do Baixio";2;6;-;1;2;-;-;-;11;4;1;-;-;-;-;1;-;1;-;29
"316170 São Gonçalo do Abaeté";1;4;1;1;1;-;-;-;22;-;1;-;-;-;-;2;1;3;7;44
"316180 São Gonçalo do Pará";6;8;-;10;-;1;-;-;14;10;5;-;-;1;-;-;1;15;12;83
"316190 São Gonçalo do Rio Abaixo";4;8;1;3;-;-;-;-;22;8;3;-;-;-;1;-;-;-;10;60
"312550 São Gonçalo do Rio Preto";2;5;-;-;-;-;-;-;8;2;1;1;-;-;-;-;-;3;1;23
"316200 São Gonçalo do Sapucaí";2;28;1;13;3;6;-;-;53;17;6;-;-;7;1;1;1;5;14;158
"316210 São Gotardo";5;26;2;3;3;5;-;-;49;18;5;-;-;5;-;2;5;25;15;168
"316220 São João Batista do Glória";1;9;1;1;1;-;-;-;17;10;3;-;1;1;-;-;-;2;3;50
"316225 São João da Lagoa";-;3;-;-;-;-;-;-;1;-;2;-;-;-;-;1;-;4;2;13
"316230 São João da Mata";3;-;-;1;-;1;-;-;7;3;1;-;-;-;-;-;-;-;1;17
"316240 São João da Ponte";4;20;4;8;1;1;-;-;28;15;6;1;2;1;1;3;2;46;15;158
"316245 São João das Missões";5;3;-;-;-;1;-;-;14;6;-;-;-;2;-;3;1;18;9;62
"316250 São João del Rei";27;120;5;27;7;21;-;-;239;95;35;4;3;16;-;5;3;34;56;697
"316255 São João do Manhuaçu";3;4;-;5;1;-;-;-;12;9;4;1;-;1;-;-;-;12;14;66
"316257 São João do Manteninha";2;12;-;4;-;-;-;-;22;2;4;-;-;-;-;1;-;3;4;54
"316260 São João do Oriente";1;6;-;4;1;-;-;-;20;4;4;1;-;3;-;-;-;-;7;51
"316265 São João do Pacuí";1;3;-;3;2;-;-;-;11;1;2;-;-;2;-;-;-;4;3;32
"316270 São João do Paraíso";5;21;-;2;4;4;-;-;41;22;3;-;1;4;-;3;1;12;15;138
"316280 São João Evangelista";2;10;1;2;1;-;-;-;18;26;5;1;-;3;1;6;-;32;6;114
"316290 São João Nepomuceno";2;30;2;19;1;4;-;-;69;31;10;1;3;9;-;2;2;7;10;202
"316292 São Joaquim de Bicas";3;23;-;2;5;3;-;-;32;11;7;-;2;2;-;2;3;20;31;146
"316294 São José da Barra";-;6;1;1;-;1;-;-;4;7;3;-;1;-;-;-;-;-;4;28
"316295 São José da Lapa";3;20;1;5;-;3;-;-;27;20;8;-;2;2;-;1;1;3;28;124
"316300 São José da Safira";-;2;-;2;-;1;-;-;8;3;1;-;-;1;-;1;-;2;2;23
"316310 São José da Varginha";1;2;-;-;-;1;-;-;4;4;1;-;-;-;-;-;-;3;1;17
"316320 São José do Alegre";-;3;-;1;-;1;-;-;11;4;3;-;-;-;-;-;-;1;1;25
"316330 São José do Divino";-;6;-;2;-;1;-;-;7;1;1;-;-;2;-;-;1;1;4;26
"316340 São José do Goiabal";1;7;-;2;-;2;-;-;12;-;1;-;-;-;1;1;-;-;5;32
"316350 São José do Jacuri";-;8;-;1;-;1;-;-;1;3;2;-;-;-;-;1;-;7;3;27
"316360 São José do Mantimento";1;1;-;2;-;-;-;-;5;1;1;-;1;1;-;-;-;1;2;16
"316370 São Lourenço";8;59;3;47;7;15;-;-;96;40;20;2;4;9;1;2;-;6;24;343
"316380 São Miguel do Anta";2;5;-;5;1;-;-;-;12;10;5;-;-;1;-;-;-;5;6;52
"316390 São Pedro da União";-;4;1;1;1;5;-;-;17;5;-;-;-;1;-;-;-;-;2;37
"316410 São Pedro do Suaçuí";-;2;-;3;-;1;-;-;11;9;-;-;-;-;-;1;1;5;3;36
"316400 São Pedro dos Ferros";-;7;-;3;2;1;-;-;25;3;6;-;1;5;-;1;-;3;6;63
"316420 São Romão";3;11;-;2;1;1;-;-;10;5;1;-;1;1;-;2;1;7;1;47
"316430 São Roque de Minas";5;7;-;1;-;1;-;-;8;8;1;-;-;1;-;-;-;4;1;37
"316440 São Sebastião da Bela Vista";1;7;1;2;-;-;-;-;13;3;6;-;1;-;-;-;-;3;1;38
"316443 São Sebastião da Vargem Alegre";1;4;-;-;-;-;-;-;10;1;1;-;-;-;-;-;-;3;3;23
"316447 São Sebastião do Anta";-;4;-;1;1;1;-;-;9;3;1;-;-;1;1;4;-;-;2;28
"316450 São Sebastião do Maranhão";-;8;-;2;-;-;-;-;19;4;4;-;1;-;-;2;1;8;3;52
"316460 São Sebastião do Oeste";1;4;-;2;1;-;-;-;10;3;1;-;-;-;-;1;1;2;7;33
"316470 São Sebastião do Paraíso";33;67;2;18;7;15;-;-;113;60;25;1;-;20;-;10;1;41;20;433
"316480 São Sebastião do Rio Preto";1;2;-;-;-;-;-;-;5;-;-;-;-;-;-;1;-;1;1;11
"316490 São Sebastião do Rio Verde";-;4;-;6;1;2;-;-;6;3;2;-;-;-;-;-;-;-;1;25
"316520 São Thomé das Letras";-;2;-;-;2;2;-;-;14;8;2;-;-;-;-;-;-;1;4;35
"316500 São Tiago";4;9;1;2;2;2;-;-;21;7;3;-;1;-;-;1;-;9;3;65
"316510 São Tomás de Aquino";5;10;-;2;1;2;-;-;18;4;3;-;2;2;-;1;-;11;2;63
"316530 São Vicente de Minas";-;6;3;8;-;2;-;-;17;6;5;-;-;2;-;-;-;2;1;52
"316540 Sapucaí-Mirim";2;4;-;5;1;1;-;-;13;6;-;1;1;1;-;-;-;5;5;45
"316550 Sardoá";1;9;-;3;-;2;-;-;9;5;1;2;-;2;-;-;-;1;12;47
"316553 Sarzedo";2;17;1;6;2;2;-;-;34;12;8;-;-;8;-;3;1;10;25;131
"316556 Sem-Peixe";1;8;-;-;-;-;-;-;3;2;2;-;-;2;-;-;-;4;3;25
"316557 Senador Amaral";-;5;-;1;-;-;-;-;10;2;-;-;-;1;-;-;-;1;2;22
"316560 Senador Cortes";-;2;-;7;-;-;-;-;4;3;-;-;-;-;-;1;-;3;-;20
"316570 Senador Firmino";3;8;1;7;-;2;-;-;20;6;2;-;-;2;-;1;-;7;5;64
"316580 Senador José Bento";-;1;1;1;-;-;-;-;3;3;-;-;1;-;-;-;-;-;1;11
"316590 Senador Modestino Gonçalves";1;4;-;-;1;2;-;-;13;2;1;-;-;-;-;-;-;2;-;26
"316600 Senhora de Oliveira";1;9;-;3;3;3;-;-;12;4;2;-;1;1;-;1;-;1;-;41
"316610 Senhora do Porto";1;2;-;2;1;-;-;-;7;6;-;-;-;1;-;-;-;5;3;28
"316620 Senhora dos Remédios";1;12;1;7;2;2;-;-;22;10;1;-;-;3;-;1;1;2;4;69
"316630 Sericita";2;4;-;3;1;-;-;-;7;4;2;-;-;3;-;1;-;8;3;38
"316640 Seritinga";-;5;-;-;2;-;-;-;6;1;1;-;-;1;-;-;-;-;2;18
"316650 Serra Azul de Minas";-;2;-;1;-;-;-;-;3;-;3;-;-;1;-;-;1;5;1;17
"316660 Serra da Saudade";-;3;-;-;-;-;-;-;1;-;1;-;-;-;-;-;-;1;-;6
"316680 Serra do Salitre";1;11;1;4;2;-;-;-;13;3;4;-;-;-;-;-;1;2;6;48
"316670 Serra dos Aimorés";2;5;-;4;1;1;-;-;16;8;2;-;-;1;-;-;1;6;9;56
"316690 Serrania";2;4;-;6;3;2;-;-;13;7;3;-;1;3;-;3;1;1;5;54
"316695 Serranópolis de Minas";1;4;1;1;1;-;-;-;2;-;-;-;-;3;-;1;-;11;2;27
"316700 Serranos";1;2;-;-;-;-;-;-;5;-;-;-;-;-;-;-;-;-;1;9
"316710 Serro";1;18;2;5;1;2;-;-;30;12;5;-;-;-;-;5;1;25;14;121
"316720 Sete Lagoas";51;229;12;78;29;28;-;-;370;144;66;8;12;38;-;25;7;90;188;1375
"316555 Setubinha";-;3;-;5;2;2;-;-;14;1;2;-;-;1;-;1;2;11;9;53
"316730 Silveirânia";-;4;-;1;-;-;-;-;2;1;1;-;-;-;-;-;-;1;4;14
"316740 Silvianópolis";-;4;-;7;-;1;-;-;16;5;4;-;-;2;-;-;-;3;2;44
"316750 Simão Pereira";-;6;1;3;-;-;-;-;6;1;-;-;-;1;-;-;-;-;2;20
"316760 Simonésia";3;13;-;3;-;-;-;-;31;12;3;-;-;1;-;5;-;23;8;102
"316770 Sobrália";2;8;1;1;-;1;-;-;11;7;4;-;-;3;-;1;-;14;4;57
"316780 Soledade de Minas";2;7;-;2;-;1;-;1;8;5;2;-;-;-;-;-;-;5;5;38
"316790 Tabuleiro";1;4;-;4;-;-;-;-;16;7;2;-;-;1;-;-;-;5;3;43
"316800 Taiobeiras";7;23;3;5;1;7;-;-;36;11;8;-;3;6;1;-;2;36;19;168
"316805 Taparuba";-;1;-;-;-;2;-;-;4;-;2;-;-;-;-;-;-;1;6;16
"316810 Tapira";-;4;-;1;1;-;-;-;3;3;1;-;-;1;-;-;-;2;2;18
"316820 Tapiraí";-;1;-;-;-;-;-;-;4;-;-;-;-;2;-;-;-;1;2;10
"316830 Taquaraçu de Minas";-;3;-;-;-;-;-;-;6;2;3;-;-;-;-;1;-;-;1;16
"316840 Tarumirim";2;14;-;7;1;1;-;-;28;12;4;-;-;2;-;2;1;14;7;95
"316850 Teixeiras";1;16;1;7;1;4;-;-;24;14;7;1;-;1;-;-;1;9;12;99
"316860 Teófilo Otoni";45;144;6;91;13;19;-;-;213;96;72;1;4;27;-;19;10;203;103;1066
"316870 Timóteo";38;75;-;27;8;6;-;-;114;71;23;3;3;16;-;8;6;29;48;475
"316880 Tiradentes";1;5;-;3;-;-;-;-;14;5;4;-;1;-;-;1;-;5;4;43
"316890 Tiros";4;9;-;5;1;1;-;-;16;10;5;-;-;2;-;-;1;3;4;61
"316900 Tocantins";5;21;2;6;-;4;-;-;38;23;4;1;-;5;-;3;-;7;23;142
"316905 Tocos do Moji";1;3;-;-;-;-;-;-;3;4;2;1;-;1;-;1;-;-;1;17
"316910 Toledo";1;6;-;3;-;-;-;-;16;8;3;-;-;1;-;-;-;1;1;40
"316920 Tombos";11;13;-;4;4;2;-;-;15;12;2;-;-;3;-;-;-;4;7;77
"316930 Três Corações";12;73;1;31;8;16;-;-;133;56;22;4;2;8;1;9;4;30;30;440
"316935 Três Marias";10;18;1;11;3;4;-;-;45;14;9;-;2;6;-;5;2;15;17;162
"316940 Três Pontas";12;57;2;18;10;15;-;-;132;50;29;-;1;10;-;7;4;28;31;406
"316950 Tumiritinga";1;-;-;5;-;2;-;-;7;2;1;-;-;2;1;1;-;1;3;26
"316960 Tupaciguara";4;23;-;11;3;1;-;-;47;25;6;-;-;-;1;1;2;40;16;180
"316970 Turmalina";9;17;1;4;1;-;-;-;16;7;10;-;1;2;-;1;-;15;6;90
"316980 Turvolândia";-;7;1;2;1;2;-;-;6;1;4;-;-;1;-;1;-;3;2;31
"316990 Ubá";23;83;6;62;13;24;-;-;172;74;32;7;3;19;-;8;4;77;74;681
"317000 Ubaí";11;5;1;2;1;1;-;-;16;8;5;1;-;1;-;2;-;20;7;81
"317005 Ubaporanga";6;17;-;8;1;-;-;-;25;10;3;-;-;1;-;3;-;7;19;100
"317010 Uberaba";192;398;7;96;11;50;-;1;602;337;128;14;10;76;3;35;12;170;181;2323
"317020 Uberlândia";208;620;19;101;8;88;-;-;1067;395;206;12;33;108;2;45;26;88;440;3466
"317030 Umburatiba";1;1;-;-;-;1;-;-;6;4;1;-;-;-;-;-;-;1;1;16
"317040 Unaí";37;50;2;12;5;6;-;-;86;30;14;1;3;10;1;10;2;75;64;408
"317043 União de Minas";-;2;1;2;-;1;-;-;4;1;1;-;-;-;-;1;-;5;5;23
"317047 Uruana de Minas";2;-;-;-;-;-;-;-;5;4;-;-;-;-;-;-;-;-;4;15
"317050 Urucânia";-;15;1;2;2;3;-;-;24;7;4;1;1;-;-;-;1;5;4;70
"317052 Urucuia";-;5;-;2;-;1;-;-;5;2;4;-;-;-;-;1;-;8;6;34
"317057 Vargem Alegre";4;7;1;5;2;-;-;-;22;5;3;-;1;2;-;-;-;1;6;59
"317060 Vargem Bonita";1;1;-;1;-;-;-;-;4;-;-;-;-;-;-;1;-;1;3;12
"317065 Vargem Grande do Rio Pardo";-;2;-;-;-;1;-;-;5;2;3;-;-;2;-;-;-;4;1;20
"317070 Varginha";27;144;5;51;11;41;-;-;242;88;51;5;3;16;-;12;3;23;57;779
"317075 Varjão de Minas";7;8;-;2;-;-;-;-;7;3;2;-;-;1;-;1;-;-;2;33
"317080 Várzea da Palma";10;37;-;6;2;4;-;-;38;23;12;1;1;6;-;6;5;30;50;231
"317090 Varzelândia";4;9;1;1;3;2;-;-;26;11;6;-;-;2;1;4;1;10;9;90
"317100 Vazante";2;18;1;2;-;2;-;-;25;14;1;2;-;2;-;3;3;15;3;93
"317103 Verdelândia";1;7;1;3;1;1;-;-;10;4;2;-;-;-;-;4;3;8;11;56
"317107 Veredinha";1;1;-;1;1;1;-;-;3;2;2;-;-;-;-;2;-;8;-;22
"317110 Veríssimo";2;6;1;-;-;-;-;-;5;1;1;1;-;1;-;1;-;1;2;22
"317115 Vermelho Novo";2;3;-;1;-;3;-;-;6;2;1;-;-;1;-;1;-;-;7;27
"317120 Vespasiano";23;88;2;23;6;9;-;-;106;44;32;2;5;13;-;13;10;81;114;571
"317130 Viçosa";12;76;3;18;7;11;-;-;101;46;18;2;2;6;1;3;3;28;63;400
"317140 Vieiras";1;2;-;2;-;2;-;-;4;1;-;1;-;1;-;-;-;7;1;22
"317160 Virgem da Lapa";5;10;-;2;1;1;-;-;18;7;1;1;-;1;1;-;1;27;4;80
"317170 Virgínia";1;11;2;6;3;5;-;-;17;6;5;-;-;1;-;-;-;2;2;61
"317180 Virginópolis";3;7;1;4;-;-;-;-;27;11;2;2;-;-;1;1;-;4;5;68
"317190 Virgolândia";1;8;-;2;1;-;-;-;7;6;-;-;-;-;-;-;-;3;5;33
"317200 Visconde do Rio Branco";13;47;2;35;4;9;-;-;101;31;12;1;2;9;1;-;3;4;26;300
"317210 Volta Grande";1;6;-;3;-;-;-;-;14;5;2;-;-;1;-;-;-;-;3;35
"317220 Wenceslau Braz";-;6;-;-;-;1;-;-;2;4;-;-;-;2;-;1;-;-;5;21
"310000 Município ignorado - MG";9;6;-;3;5;3;-;-;30;10;8;-;-;2;-;-;-;57;127;260
"320010 Afonso Cláudio";4;23;1;10;5;2;-;-;91;28;7;1;1;6;-;2;1;4;36;222
"320016 Água Doce do Norte";4;10;1;10;-;1;-;-;27;9;2;-;-;2;-;2;-;-;11;79
"320013 Águia Branca";3;10;-;3;-;-;-;-;24;4;8;1;-;1;1;-;1;-;4;60
"320020 Alegre";10;46;-;15;5;7;-;-;80;32;9;-;-;4;-;2;3;3;28;244
"320030 Alfredo Chaves";4;21;-;3;2;2;-;-;30;10;4;-;-;1;-;2;-;-;9;88
"320035 Alto Rio Novo";2;6;-;4;-;4;-;-;15;9;3;1;-;1;-;2;2;1;7;57
"320040 Anchieta";4;30;1;8;1;4;-;-;30;14;11;-;1;5;-;5;1;1;21;137
"320050 Apiacá";1;6;-;5;-;2;-;-;22;5;1;-;-;2;-;-;-;1;4;49
"320060 Aracruz";15;63;2;21;3;8;-;-;124;47;17;-;1;14;1;2;9;7;87;421
"320070 Atilio Vivacqua";1;7;-;10;2;2;-;-;20;8;4;1;-;-;-;1;-;-;8;64
"320080 Baixo Guandu";2;47;1;14;2;4;-;-;60;26;13;2;-;2;1;1;1;3;43;222
"320090 Barra de São Francisco";4;41;4;29;5;4;-;-;66;35;13;1;1;8;1;5;1;11;54;283
"320100 Boa Esperança";1;16;-;11;1;3;-;-;34;6;3;1;1;-;-;1;-;1;18;97
"320110 Bom Jesus do Norte";6;16;-;6;-;6;-;-;36;10;3;-;-;1;1;1;-;4;9;99
"320115 Brejetuba";1;6;-;-;2;2;-;-;26;9;-;2;-;1;-;2;1;-;15;67
"320120 Cachoeiro de Itapemirim";51;226;4;114;21;24;-;-;397;118;68;3;2;30;3;15;13;7;211;1307
"320130 Cariacica";70;411;6;107;28;69;-;-;628;160;127;1;9;67;7;43;29;16;409;2187
"320140 Castelo";5;51;-;19;2;11;-;-;75;20;13;-;1;3;-;3;2;1;40;246
"320150 Colatina";13;127;3;34;5;39;-;-;236;78;36;-;4;12;-;7;6;3;127;730
"320160 Conceição da Barra";6;21;-;11;1;5;-;-;46;22;5;1;1;7;1;4;2;3;36;172
"320170 Conceição do Castelo";2;8;-;4;1;-;-;-;17;11;3;1;-;2;-;-;-;-;9;58
"320180 Divino de São Lourenço";2;-;-;2;-;-;-;-;11;2;1;-;-;-;-;-;1;-;2;21
"320190 Domingos Martins";2;36;-;8;2;7;-;-;64;19;11;1;2;5;-;2;2;1;31;193
"320200 Dores do Rio Preto";1;3;1;2;-;-;-;-;11;4;2;-;-;1;-;-;-;4;5;34
"320210 Ecoporanga";3;30;-;12;4;3;-;-;49;17;4;-;2;3;-;4;-;1;22;154
"320220 Fundão";4;22;1;3;2;3;-;-;38;5;8;-;1;1;-;1;-;1;23;113
"320225 Governador Lindenberg";2;8;-;6;2;4;-;-;22;3;2;-;-;1;-;1;1;-;8;60
"320230 Guaçuí";1;21;-;15;3;10;-;-;80;22;11;-;-;7;-;6;1;-;17;194
"320240 Guarapari";18;133;1;30;6;18;-;1;204;52;37;-;3;12;2;11;6;5;118;657
"320245 Ibatiba";3;12;-;10;1;6;-;-;39;11;6;-;-;2;-;1;1;2;20;114
"320250 Ibiraçu";-;17;-;2;-;3;-;-;16;4;2;-;-;1;-;-;-;1;9;55
"320255 Ibitirama";2;10;-;4;1;1;-;-;21;5;2;-;-;3;-;-;-;1;7;57
"320260 Iconha";2;9;1;5;-;1;-;-;30;5;2;-;-;1;-;-;1;1;13;71
"320265 Irupi";1;10;1;7;-;-;-;-;27;8;3;-;1;4;-;2;-;1;8;73
"320270 Itaguaçu";3;22;1;4;2;6;-;-;23;5;5;-;-;3;-;4;-;-;17;95
"320280 Itapemirim";6;37;2;15;-;10;-;-;55;11;5;-;1;5;-;4;1;3;46;201
"320290 Itarana";-;13;-;2;1;1;-;-;17;12;3;-;-;2;-;1;-;2;5;59
"320300 Iúna";8;20;-;11;1;1;-;-;46;18;6;1;-;5;1;3;3;5;27;156
"320305 Jaguaré";2;25;-;6;3;1;-;1;44;15;7;-;-;2;1;2;-;-;30;139
"320310 Jerônimo Monteiro";2;11;1;8;1;1;-;-;31;11;5;-;1;-;-;5;-;1;7;85
"320313 João Neiva";1;25;1;6;-;4;-;-;33;9;3;-;1;2;-;-;2;1;15;103
"320316 Laranja da Terra";1;14;-;2;-;4;-;-;30;7;2;1;-;-;-;1;-;1;7;70
"320320 Linhares";22;127;2;32;7;17;-;-;217;77;42;2;2;13;2;13;8;1;172;756
"320330 Mantenópolis";1;11;1;7;1;6;-;-;32;14;4;-;-;1;-;-;1;2;15;96
"320332 Marataízes";5;28;4;16;2;3;-;-;73;13;21;-;-;5;1;4;1;2;30;208
"320334 Marechal Floriano";4;15;1;5;2;4;-;-;30;7;3;2;2;6;-;3;2;1;13;100
"320335 Marilândia";1;24;-;1;1;1;-;-;21;10;4;1;1;-;-;1;-;1;10;77
"320340 Mimoso do Sul";5;27;-;6;2;1;-;1;83;36;10;3;-;4;-;1;1;1;23;204
"320350 Montanha";4;26;2;15;2;4;-;-;40;11;8;-;-;1;1;2;2;-;20;138
"320360 Mucurici";-;13;-;4;2;3;-;-;9;6;3;-;-;2;-;1;-;-;8;51
"320370 Muniz Freire";1;22;1;14;2;6;-;-;36;11;1;-;-;3;1;5;3;1;14;121
"320380 Muqui";1;20;-;6;-;2;-;-;36;15;8;-;-;2;-;2;2;-;8;102
"320390 Nova Venécia";8;45;2;17;7;7;-;-;71;33;20;1;2;6;-;5;3;6;47;280
"320400 Pancas";5;15;1;3;-;6;-;-;48;19;4;-;1;3;1;-;-;-;30;136
"320405 Pedro Canário";4;19;1;16;-;2;-;-;30;14;8;-;-;4;-;4;2;-;34;138
"320410 Pinheiros";2;23;-;16;2;3;-;-;41;17;2;-;1;2;-;1;1;1;30;142
"320420 Piúma";5;16;-;8;-;2;-;-;34;13;3;-;-;3;-;2;-;1;15;102
"320425 Ponto Belo";2;6;1;9;-;1;-;-;12;3;3;1;-;1;-;-;2;-;11;52
"320430 Presidente Kennedy";4;4;-;6;1;3;-;-;21;4;2;-;-;1;-;-;2;1;11;60
"320435 Rio Bananal";2;17;-;6;-;4;-;-;26;13;4;1;-;2;-;4;1;-;13;93
"320440 Rio Novo do Sul";3;13;-;6;-;2;-;-;31;6;3;-;1;-;-;-;1;1;16;83
"320450 Santa Leopoldina";2;15;-;6;1;4;-;-;28;11;2;1;1;2;-;1;-;-;11;85
"320455 Santa Maria de Jetibá";1;34;-;6;2;4;-;-;69;22;7;-;-;-;-;1;3;2;36;187
"320460 Santa Teresa";3;21;-;13;2;5;-;-;56;20;7;-;2;4;-;2;-;1;15;151
"320465 São Domingos do Norte";-;14;-;2;-;1;-;-;20;6;3;-;-;1;-;1;1;-;16;65
"320470 São Gabriel da Palha";5;31;-;9;1;4;-;-;69;21;10;-;2;4;1;2;1;1;36;197
"320480 São José do Calçado";6;15;-;8;2;2;-;-;40;16;2;-;-;3;-;-;-;-;3;97
"320490 São Mateus";16;95;1;46;7;13;-;-;173;65;43;-;1;11;-;13;5;14;145;648
"320495 São Roque do Canaã";1;10;1;3;1;6;-;-;18;10;3;2;-;-;-;-;1;-;10;66
"320500 Serra";94;353;3;107;36;67;-;2;576;132;138;6;10;53;5;54;40;25;598;2299
"320501 Sooretama";1;21;1;6;1;1;-;-;29;14;8;-;-;5;-;1;-;1;37;126
"320503 Vargem Alta";1;23;-;6;1;2;-;-;31;8;5;-;-;4;-;4;1;1;24;111
"320506 Venda Nova do Imigrante";4;12;-;4;-;1;-;-;40;15;5;1;1;3;-;3;1;-;13;103
"320510 Viana";7;50;1;22;7;8;-;-;103;30;11;1;1;8;-;7;4;3;84;347
"320515 Vila Pavão";1;13;-;3;-;2;-;-;9;3;3;-;-;1;-;1;-;1;2;39
"320517 Vila Valério";3;10;1;3;-;1;-;-;25;10;4;-;-;-;-;3;-;-;19;79
"320520 Vila Velha";79;503;3;132;47;99;-;-;676;208;115;2;11;91;3;39;21;40;385;2454
"320530 Vitória";77;432;8;123;46;115;-;1;564;129;99;4;11;57;2;32;21;6;306;2033
"320000 Município ignorado - ES";-;7;-;-;3;-;-;-;6;2;2;-;1;-;-;-;-;-;11;32
"330010 Angra dos Reis";36;161;8;75;12;21;-;-;281;68;42;6;6;35;4;17;13;29;169;983
"330015 Aperibé";2;7;1;8;1;2;-;-;35;17;7;-;1;2;-;-;-;2;11;96
"330020 Araruama";40;150;6;75;7;20;-;-;331;112;44;4;2;35;1;10;7;31;120;995
"330022 Areal";1;14;-;5;-;3;-;-;20;17;5;-;-;3;-;1;-;6;6;81
"330023 Armação dos Búzios";8;31;1;13;1;1;-;-;46;26;11;-;-;7;-;3;5;13;30;196
"330025 Arraial do Cabo";6;23;-;19;-;4;-;-;54;28;8;-;1;6;1;1;-;12;15;178
"330030 Barra do Piraí";20;142;6;56;15;33;-;-;287;79;32;1;3;26;-;10;3;14;54;781
"330040 Barra Mansa";53;219;10;96;6;36;-;-;470;133;60;10;6;57;4;7;15;34;151;1367
"330045 Belford Roxo";196;449;30;242;11;51;-;-;972;371;151;13;9;112;5;54;23;301;432;3422
"330050 Bom Jardim";7;42;-;14;1;6;-;-;76;16;9;-;-;4;-;3;2;6;25;211
"330060 Bom Jesus do Itabapoana";9;56;2;17;2;9;-;-;113;34;10;4;1;9;-;5;1;9;33;314
"330070 Cabo Frio";54;203;10;73;8;21;-;-;383;142;61;3;5;51;-;17;11;116;208;1366
"330080 Cachoeiras de Macacu";23;64;1;30;4;13;-;1;137;50;24;4;1;15;-;4;1;21;53;446
"330090 Cambuci";9;16;-;3;-;-;-;-;45;16;12;-;-;5;-;1;-;13;13;133
"330100 Campos dos Goytacazes";168;543;21;199;20;90;-;1;1024;557;154;25;11;126;7;77;15;309;513;3860
"330110 Cantagalo";6;25;2;25;2;4;-;-;54;14;8;2;2;3;-;3;-;6;12;168
"330093 Carapebus";3;13;-;3;-;3;-;-;18;4;2;1;-;1;-;1;-;2;11;62
"330115 Cardoso Moreira";5;17;1;8;-;3;-;-;25;13;7;-;-;5;-;-;1;14;6;105
"330120 Carmo";2;22;2;9;1;1;-;-;57;26;7;2;1;4;-;1;-;5;7;147
"330130 Casimiro de Abreu";12;34;3;15;2;3;-;-;67;31;3;-;-;8;-;4;1;10;32;225
"330095 Comendador Levy Gasparian";4;3;3;4;1;2;-;-;24;15;-;1;-;4;-;-;-;1;4;66
"330140 Conceição de Macabu";2;29;1;20;-;2;-;-;51;17;7;1;-;6;-;3;-;4;23;166
"330150 Cordeiro";7;21;2;22;3;1;-;-;66;16;11;1;-;1;-;-;3;7;16;177
"330160 Duas Barras";3;12;-;3;-;2;-;-;23;8;3;-;-;1;-;-;-;3;5;63
"330170 Duque de Caxias";391;907;64;465;30;98;1;-;1925;772;301;22;20;186;10;79;49;426;848;6594
"330180 Engenheiro Paulo de Frontin";1;26;2;13;-;6;-;-;44;8;8;-;-;2;-;1;-;8;9;128
"330185 Guapimirim";12;45;3;28;3;4;-;-;116;38;26;3;-;7;-;9;5;13;39;351
"330187 Iguaba Grande";10;36;2;17;-;10;-;-;61;20;7;-;-;7;-;3;1;4;16;194
"330190 Itaboraí";114;211;9;133;6;21;-;-;413;164;81;6;4;49;3;19;10;172;217;1632
"330200 Itaguaí";38;107;2;51;1;11;-;-;234;92;40;1;2;32;3;11;5;60;152;842
"330205 Italva";8;15;-;4;2;1;-;-;34;19;5;-;-;3;-;-;-;2;11;104
"330210 Itaocara";11;20;-;15;2;10;-;-;90;34;6;-;2;3;-;5;-;9;19;226
"330220 Itaperuna";28;138;7;35;7;18;-;-;247;104;37;3;3;26;-;1;3;36;95;788
"330225 Itatiaia";6;34;1;12;2;3;-;-;71;17;11;2;1;9;-;-;-;7;27;203
"330227 Japeri";41;56;9;42;2;-;-;-;183;82;20;-;2;19;5;22;4;95;88;670
"330230 Laje do Muriaé";3;16;-;1;-;-;-;-;24;5;1;-;1;1;-;1;1;1;3;58
"330240 Macaé";62;174;5;63;10;20;-;-;299;139;59;7;5;29;5;31;10;37;205;1160
"330245 Macuco";2;11;-;6;-;2;-;-;25;9;3;1;-;-;-;1;-;1;9;70
"330250 Magé";102;239;8;127;7;26;-;1;597;255;73;7;6;71;2;29;8;78;215;1851
"330260 Mangaratiba";16;23;1;19;1;5;-;-;81;35;24;1;-;8;-;2;-;17;30;263
"330270 Maricá";45;152;5;63;13;24;-;-;286;102;32;6;4;50;2;15;8;46;100;953
"330280 Mendes";3;22;2;14;2;8;-;-;59;15;5;-;-;7;-;-;1;4;9;151
"330285 Mesquita";71;186;11;126;8;31;-;-;386;169;68;6;3;45;4;16;13;103;131;1377
"330290 Miguel Pereira";6;28;1;22;-;7;-;-;83;15;17;-;-;6;-;2;-;8;15;210
"330300 Miracema";11;49;2;21;3;9;-;-;61;27;5;-;1;7;-;2;2;26;15;241
"330310 Natividade";8;26;-;5;1;5;-;1;58;11;5;-;1;11;-;-;-;1;11;144
"330320 Nilópolis";81;211;13;96;7;27;-;-;467;153;59;11;6;52;4;13;9;82;153;1444
"330330 Niterói";243;860;26;231;50;142;-;2;1234;563;166;19;13;178;8;29;31;225;372;4392
"330340 Nova Friburgo";46;234;17;88;24;42;-;-;499;208;99;5;8;45;2;19;5;51;134;1526
"330350 Nova Iguaçu";352;868;53;402;31;134;1;1;1815;728;275;36;12;195;11;94;41;368;717;6134
"330360 Paracambi";25;46;3;37;4;9;-;-;94;52;15;3;1;15;1;5;2;10;27;349
"330370 Paraíba do Sul";20;62;4;35;2;8;-;-;109;43;17;1;-;12;1;1;1;9;30;355
"330380 Paraty";9;32;1;9;1;4;-;-;66;26;14;1;1;2;-;1;5;5;39;216
"330385 Paty do Alferes";4;25;3;37;2;7;-;-;92;17;14;1;2;6;-;1;-;6;12;229
"330390 Petrópolis";66;492;8;173;23;111;-;-;918;289;132;13;12;77;2;40;20;106;246;2728
"330395 Pinheiral";4;22;1;10;4;8;-;-;52;17;8;-;1;7;-;5;-;3;15;157
"330400 Piraí";5;34;-;18;2;4;-;-;54;17;6;1;-;4;-;2;1;5;12;165
"330410 Porciúncula";6;30;-;11;1;5;-;-;35;24;8;1;-;7;-;1;1;5;13;148
"330411 Porto Real";7;21;2;5;2;2;-;-;36;12;6;3;-;3;-;2;1;2;21;125
"330412 Quatis";1;18;2;13;2;6;-;-;18;14;10;-;-;3;-;2;1;1;8;99
"330414 Queimados";58;110;9;56;6;11;-;-;306;114;45;5;2;30;2;25;6;111;122;1018
"330415 Quissamã";5;25;-;13;-;4;-;-;39;18;4;1;-;12;-;1;1;6;20;149
"330420 Resende";31;155;8;56;8;11;-;-;257;70;46;1;5;36;2;16;5;21;107;835
"330430 Rio Bonito";13;63;1;29;6;6;-;-;126;45;17;3;5;13;-;11;1;16;44;399
"330440 Rio Claro";1;20;2;10;1;1;-;-;49;12;9;-;2;6;-;-;1;2;19;135
"330450 Rio das Flores";3;14;3;5;-;2;-;-;17;11;2;2;-;-;-;1;-;2;7;69
"330452 Rio das Ostras";34;107;5;43;1;12;-;-;189;66;25;2;2;23;-;10;8;26;97;650
"330455 Rio de Janeiro";3423;9383;315;3085;626;1425;1;10;15399;7041;2395;318;269;1969;82;609;335;2263;4405;53353
"330460 Santa Maria Madalena";4;9;1;10;-;1;-;-;23;9;4;1;-;2;-;1;-;9;10;84
"330470 Santo Antônio de Pádua";14;51;1;24;7;8;-;-;107;51;13;-;4;3;1;7;2;14;37;344
"330480 São Fidélis";16;33;-;9;5;13;-;-;106;46;14;2;1;15;-;2;2;16;25;305
"330475 São Francisco de Itabapoana";14;40;4;18;3;5;-;-;88;44;9;4;1;12;-;2;1;20;44;309
"330490 São Gonçalo";380;1136;50;572;71;140;-;1;2270;778;292;28;24;244;9;74;37;477;821;7404
"330500 São João da Barra";11;42;1;18;2;2;-;-;77;33;16;1;1;14;-;9;1;25;37;290
"330510 São João de Meriti";209;550;31;261;12;42;-;-;980;431;140;14;10;140;4;54;26;391;375;3670
"330513 São José de Ubá";5;9;1;-;-;1;-;-;20;4;1;1;-;2;-;-;-;2;10;56
"330515 São José do Vale do Rio Preto";5;14;1;8;-;1;-;-;39;25;12;-;-;3;1;2;1;13;10;135
"330520 São Pedro da Aldeia";32;89;3;37;3;5;-;-;136;59;14;1;1;17;-;3;1;53;69;523
"330530 São Sebastião do Alto";7;9;-;7;-;2;-;-;22;9;1;1;-;4;-;4;-;7;6;79
"330540 Sapucaia";3;17;1;12;2;4;-;-;43;14;10;-;-;2;-;-;1;11;10;130
"330550 Saquarema";32;97;3;47;7;12;-;-;162;76;31;3;1;13;-;6;2;62;63;617
"330555 Seropédica";23;72;2;36;-;9;-;-;201;58;26;1;1;21;-;2;3;46;75;576
"330560 Silva Jardim";7;15;-;5;-;5;-;-;33;16;5;-;-;7;-;5;1;16;17;132
"330570 Sumidouro";6;16;-;4;2;3;-;-;29;9;2;-;-;2;-;2;1;3;4;83
"330575 Tanguá";9;27;1;12;2;6;-;-;64;26;13;2;-;8;2;3;2;15;17;209
"330580 Teresópolis";59;230;10;68;14;20;-;-;385;162;66;12;4;44;3;15;9;74;104;1279
"330590 Trajano de Moraes";6;11;2;3;-;2;-;-;23;8;5;-;-;6;-;1;-;3;7;77
"330600 Três Rios";34;88;14;55;9;17;-;1;252;72;25;4;2;33;3;9;3;18;49;688
"330610 Valença";14;115;2;50;3;18;-;-;251;65;46;4;5;26;-;9;3;21;52;684
"330615 Varre-Sai";3;9;-;-;1;4;-;-;24;2;1;-;-;-;-;1;-;1;4;50
"330620 Vassouras";6;51;10;32;-;2;-;-;126;38;16;2;-;14;-;1;3;5;25;331
"330630 Volta Redonda";99;375;13;119;34;54;-;-;620;221;111;7;26;84;1;27;11;46;177;2025
"330000 Município ignorado - RJ";70;18;7;30;6;11;-;-;184;116;35;4;-;17;1;16;7;293;644;1459
"350010 Adamantina";7;56;3;19;2;6;-;-;63;43;9;3;-;7;1;2;11;48;18;298
"350020 Adolfo";1;3;-;2;-;-;-;-;9;7;3;-;-;-;-;-;-;1;2;28
"350030 Aguaí";9;36;-;16;1;10;-;-;66;23;13;-;1;6;-;1;1;55;19;257
"350040 Águas da Prata";1;10;-;2;1;2;-;-;15;4;2;-;-;2;-;1;-;9;2;51
"350050 Águas de Lindóia";3;25;2;16;-;3;-;-;61;24;12;-;-;4;-;-;-;1;20;171
"350055 Águas de Santa Bárbara";1;7;-;1;-;-;-;-;9;1;5;-;-;1;-;1;-;14;2;42
"350060 Águas de São Pedro";-;2;-;-;-;1;-;-;14;3;2;-;-;-;-;-;-;2;1;25
"350070 Agudos";17;43;2;13;2;6;-;-;66;28;15;-;1;13;-;6;4;36;11;263
"350075 Alambari";1;6;-;2;-;-;-;-;13;5;-;-;-;1;-;2;-;2;4;36
"350080 Alfredo Marcondes";1;5;-;-;-;1;-;-;11;4;4;-;-;1;-;1;-;4;4;36
"350090 Altair";1;1;-;4;-;-;-;-;10;5;3;-;-;-;-;-;-;1;3;28
"350100 Altinópolis";3;19;1;8;3;3;-;-;32;21;5;-;1;2;-;1;-;3;10;112
"350110 Alto Alegre";3;3;1;-;-;-;-;-;14;6;1;-;-;1;-;1;-;3;1;34
"350115 Alumínio";3;17;-;4;2;1;-;-;18;15;5;-;-;1;-;4;-;6;8;84
"350120 Álvares Florence";2;7;-;1;-;2;-;-;4;5;1;-;-;-;-;-;-;4;2;28
"350130 Álvares Machado";9;28;-;12;1;7;-;-;53;20;6;1;1;7;-;-;-;10;9;164
"350140 Álvaro de Carvalho";1;6;1;1;1;4;-;-;7;5;3;-;-;-;1;-;-;6;2;38
"350150 Alvinlândia";-;4;1;3;-;-;-;-;8;3;1;-;-;1;-;-;-;1;1;23
"350160 Americana";51;286;9;82;15;25;-;-;301;178;85;6;10;52;1;16;8;220;94;1439
"350170 Américo Brasiliense";9;23;1;5;-;9;-;-;54;28;15;-;1;5;-;2;1;-;20;173
"350180 Américo de Campos";-;11;-;1;-;1;-;-;18;3;3;-;-;1;-;-;1;7;6;52
"350190 Amparo";11;108;6;43;2;18;-;-;150;80;31;-;-;12;-;4;1;19;36;521
"350200 Analândia";-;3;-;2;1;1;-;-;9;11;3;-;-;-;-;-;-;-;1;31
"350210 Andradina";27;86;4;28;6;13;-;-;150;61;18;1;4;6;-;2;3;-;35;444
"350220 Angatuba";3;19;-;5;1;6;-;-;47;12;8;-;-;1;-;1;-;19;11;133
"350230 Anhembi";1;5;1;3;-;-;-;-;12;9;1;-;-;2;-;1;1;5;5;46
"350240 Anhumas";2;6;1;3;-;-;-;-;7;3;1;1;1;-;-;-;-;1;2;28
"350250 Aparecida";6;45;4;19;2;4;-;-;67;39;15;-;1;11;-;15;3;42;19;292
"350260 Aparecida d'Oeste";-;9;-;1;-;-;-;-;15;4;1;-;-;-;-;-;1;5;1;37
"350270 Apiaí";4;23;2;9;3;4;-;-;57;26;14;3;-;2;-;2;1;17;19;186
"350275 Araçariguama";2;16;-;5;-;2;-;-;15;15;4;-;-;-;-;3;1;9;23;95
"350280 Araçatuba";75;231;11;39;8;20;-;-;266;164;94;1;5;20;-;7;10;322;111;1384
"350290 Araçoiaba da Serra";5;39;1;7;-;5;-;-;48;24;8;1;-;5;-;1;-;44;17;205
"350300 Aramina";1;5;-;2;-;-;-;-;11;4;-;-;-;-;-;-;-;4;4;31
"350310 Arandu";1;11;-;7;-;2;-;-;11;7;4;-;-;-;-;-;-;7;6;56
"350315 Arapeí";-;6;-;1;-;-;-;-;8;1;-;-;-;1;-;-;-;-;2;19
"350320 Araraquara";50;317;6;76;8;57;-;-;474;246;89;9;10;50;1;26;9;56;118;1602
"350330 Araras";29;135;2;32;10;23;1;-;209;108;52;2;5;38;1;4;4;138;57;850
"350335 Arco-Íris";-;1;-;-;-;1;-;-;4;-;-;-;-;1;-;-;-;-;-;7
"350340 Arealva";2;15;-;3;1;1;-;-;22;8;5;1;-;3;-;-;-;3;4;68
"350350 Areias";1;2;-;2;-;-;-;-;10;11;-;-;-;-;-;-;-;4;1;31
"350360 Areiópolis";3;6;-;5;-;2;-;-;20;6;3;-;-;-;-;-;2;4;5;56
"350370 Ariranha";2;18;-;3;3;2;-;-;21;15;1;-;1;3;-;-;1;2;4;76
"350380 Artur Nogueira";8;41;-;13;1;6;-;-;50;28;10;-;1;5;-;4;1;45;19;232
"350390 Arujá";11;87;4;22;5;8;-;-;132;49;26;-;2;8;1;15;5;16;38;429
"350395 Aspásia";-;2;-;-;-;1;-;-;3;2;2;-;-;-;-;-;-;-;2;12
"350400 Assis";32;123;4;47;2;10;-;-;179;79;50;3;1;19;-;4;7;179;48;787
"350410 Atibaia";31;177;6;39;7;20;-;-;266;146;55;4;2;30;-;9;5;23;87;907
"350420 Auriflama";3;14;-;8;-;1;-;-;32;15;3;-;-;3;2;-;-;14;11;106
"350430 Avaí";2;3;-;3;-;1;-;-;18;5;3;1;-;1;-;-;1;4;2;44
"350440 Avanhandava";2;11;1;2;-;2;-;-;21;12;1;-;-;3;-;1;-;12;7;75
"350450 Avaré";19;99;7;37;6;21;-;-;153;51;40;2;3;8;-;11;6;100;47;610
"350460 Bady Bassitt";2;17;-;6;-;4;-;-;32;18;7;-;1;4;-;1;2;4;7;105
"350470 Balbinos";3;3;-;-;-;1;-;-;4;-;2;-;-;1;-;1;-;1;3;19
"350480 Bálsamo";4;9;-;4;-;3;-;-;23;15;4;-;-;3;-;-;-;3;4;72
"350490 Bananal";4;10;-;3;1;2;-;-;24;12;1;-;-;4;-;1;-;11;5;78
"350500 Barão de Antonina";1;2;-;1;1;-;-;-;8;1;3;-;1;-;-;2;-;6;4;30
"350510 Barbosa";4;7;-;1;-;1;-;-;11;12;6;-;-;1;-;-;-;6;-;49
"350520 Bariri";14;47;4;8;-;3;-;-;56;64;15;-;1;10;-;5;1;39;14;281
"350530 Barra Bonita";5;52;-;23;3;11;-;-;81;26;16;-;1;17;1;2;-;19;20;277
"350535 Barra do Chapéu";2;1;1;-;-;-;-;-;5;4;3;-;-;-;-;-;-;16;-;32
"350540 Barra do Turvo";2;9;1;10;-;-;-;-;13;8;-;-;-;-;-;-;-;4;14;61
"350550 Barretos";49;168;2;47;4;28;-;-;298;157;75;4;2;55;1;13;4;31;84;1022
"350560 Barrinha";12;25;1;7;2;2;-;-;46;25;13;1;-;3;-;2;4;8;20;171
"350570 Barueri";71;300;8;72;8;41;-;-;556;218;101;5;5;42;1;25;16;31;139;1639
"350580 Bastos";2;20;1;8;2;2;-;-;39;14;8;-;-;1;1;1;-;9;8;116
"350590 Batatais";8;70;-;20;4;19;-;-;108;74;16;5;2;15;-;6;1;30;20;398
"350600 Bauru";163;474;13;125;13;109;-;-;778;350;136;7;8;74;-;43;25;58;194;2570
"350610 Bebedouro";22;105;2;46;9;16;-;-;160;50;42;2;3;20;-;6;3;37;45;568
"350620 Bento de Abreu";-;3;-;1;-;-;-;-;3;3;-;-;-;1;-;-;-;6;-;17
"350630 Bernardino de Campos";2;19;1;7;-;7;-;-;38;17;10;-;-;1;-;-;1;7;5;115
"350635 Bertioga";12;38;2;17;1;3;-;-;67;18;16;1;-;12;1;13;-;5;39;245
"350640 Bilac";1;9;-;5;-;3;-;-;17;6;-;-;-;1;-;1;-;4;3;50
"350650 Birigui";17;104;8;21;3;24;-;1;146;99;38;2;2;16;-;12;3;144;45;685
"350660 Biritiba-Mirim";6;31;1;5;1;4;-;-;39;28;16;-;-;7;-;3;2;34;14;191
"350670 Boa Esperança do Sul";4;18;-;8;1;2;-;-;32;17;8;-;1;3;-;1;2;4;3;104
"350680 Bocaina";3;17;-;5;-;2;-;-;26;10;2;-;-;1;-;1;-;11;12;90
"350690 Bofete";1;10;1;3;2;2;-;-;24;10;2;-;-;-;-;-;-;-;7;62
"350700 Boituva";10;51;1;18;5;9;-;-;77;34;11;1;1;7;-;2;3;30;23;283
"350710 Bom Jesus dos Perdões";2;25;1;13;-;2;-;-;39;17;11;1;-;2;-;-;-;3;10;126
"350715 Bom Sucesso de Itararé";-;2;-;2;-;-;-;-;5;4;2;-;-;1;-;2;-;3;-;21
"350720 Borá";-;-;-;-;-;-;-;-;-;-;1;-;-;-;-;-;-;1;-;2
"350730 Boracéia";3;4;1;2;-;2;-;-;4;5;-;-;1;3;-;-;-;7;2;34
"350740 Borborema";2;17;-;7;1;4;-;-;32;15;5;-;-;5;-;1;-;4;6;99
"350745 Borebi";-;4;-;2;2;-;-;-;4;2;2;-;-;2;-;-;-;-;-;18
"350750 Botucatu";40;194;4;46;5;30;-;-;288;124;67;6;2;27;-;11;4;26;72;946
"350760 Bragança Paulista";25;200;5;59;2;33;-;-;362;198;73;1;4;37;1;6;6;10;78;1100
"350770 Braúna";-;4;-;2;-;-;-;-;3;1;1;-;-;-;-;-;-;7;2;20
"350775 Brejo Alegre";-;7;1;-;-;-;-;-;5;1;1;-;-;-;-;-;-;-;1;16
"350780 Brodowski";2;29;2;8;1;4;-;-;30;14;9;-;-;4;-;1;1;4;6;115
"350790 Brotas";3;32;1;8;-;2;-;-;34;19;9;-;1;5;-;-;1;12;12;139
"350800 Buri";2;15;-;13;-;2;-;-;45;12;4;-;1;-;-;4;-;7;15;120
"350810 Buritama";6;29;-;3;2;3;-;-;38;23;8;-;-;1;-;1;-;4;6;124
"350820 Buritizal";4;6;-;1;-;-;-;-;6;1;-;-;-;2;-;-;-;6;-;26
"350830 Cabrália Paulista";1;3;-;3;-;2;-;-;6;2;4;-;-;2;-;-;-;11;5;39
"350840 Cabreúva";10;34;3;12;-;5;-;-;77;24;26;1;-;5;-;5;3;10;25;240
"350850 Caçapava";26;92;3;28;-;21;-;-;107;60;18;2;3;23;-;7;2;111;28;531
"350860 Cachoeira Paulista";5;29;-;15;3;4;-;-;79;16;15;2;-;3;-;-;2;28;17;218
"350870 Caconde";9;17;1;2;2;2;-;-;35;16;6;-;-;2;-;1;-;20;7;120
"350880 Cafelândia";3;16;-;12;3;2;-;-;31;23;6;-;-;6;-;1;1;32;15;151
"350890 Caiabu";1;4;-;2;1;2;-;-;12;3;-;-;2;-;-;-;-;7;1;35
"350900 Caieiras";14;84;3;31;2;9;-;-;158;73;28;5;-;16;-;12;4;11;43;493
"350910 Caiuá";2;10;1;1;-;1;-;-;7;4;1;-;-;2;-;-;-;6;2;37
"350920 Cajamar";10;56;1;20;1;6;-;-;95;33;21;1;1;17;-;6;3;5;35;311
"350925 Cajati";4;29;1;13;2;1;-;-;33;23;2;-;-;4;-;9;2;20;20;163
"350930 Cajobi";1;11;-;4;1;2;-;-;22;13;5;-;-;1;-;-;-;2;6;68
"350940 Cajuru";3;25;1;14;3;6;-;-;48;35;7;1;-;4;1;3;3;14;17;185
"350945 Campina do Monte Alegre";1;4;-;3;-;-;-;-;13;6;1;-;-;2;-;1;-;9;1;41
"350950 Campinas";255;1358;15;236;18;223;-;2;2050;1082;391;21;44;223;9;72;56;124;630;6809
"350960 Campo Limpo Paulista";8;87;3;18;-;11;-;-;166;54;29;3;2;12;-;3;4;6;56;462
"350970 Campos do Jordão";10;42;6;21;4;4;-;-;103;33;25;1;2;2;2;8;2;29;26;320
"350980 Campos Novos Paulista";2;3;-;-;-;2;-;-;14;-;5;-;-;-;-;-;-;2;4;32
"350990 Cananéia";4;8;1;8;-;2;-;-;26;9;5;-;-;2;-;1;-;10;4;80
"350995 Canas";1;7;1;1;-;-;-;-;5;4;-;-;-;-;-;2;1;7;5;34
"351000 Cândido Mota";13;28;1;13;3;8;-;-;53;47;10;1;-;6;-;5;1;42;22;253
"351010 Cândido Rodrigues";-;1;-;2;-;1;-;-;4;1;3;-;-;1;-;-;-;3;1;17
"351015 Canitar";1;5;-;2;1;-;-;-;7;3;1;-;-;-;-;1;1;3;2;27
"351020 Capão Bonito";11;50;1;48;10;10;-;-;93;37;38;-;2;8;-;6;2;4;25;345
"351030 Capela do Alto";2;9;-;6;-;1;-;-;22;16;3;-;-;2;-;4;-;17;13;95
"351040 Capivari";20;69;1;12;-;6;-;-;95;43;18;-;1;6;-;3;3;29;32;338
"351050 Caraguatatuba";36;103;4;43;3;12;-;-;130;84;39;-;4;18;1;7;10;125;88;707
"351060 Carapicuíba";102;272;11;64;9;43;-;-;601;244;123;9;27;47;4;48;23;34;179;1840
"351070 Cardoso";5;17;-;4;2;1;-;-;26;10;1;-;-;3;-;-;-;18;7;94
"351080 Casa Branca";13;41;1;16;2;3;-;-;66;32;17;1;2;4;-;3;1;25;23;250
"351090 Cássia dos Coqueiros";1;3;-;1;-;-;-;-;5;2;3;-;-;2;-;-;-;-;2;19
"351100 Castilho";2;19;-;5;-;2;-;-;25;12;11;-;-;3;-;2;2;31;22;136
"351110 Catanduva";42;185;2;43;1;26;-;-;224;140;54;5;3;52;-;15;4;116;85;997
"351120 Catiguá";6;8;-;8;-;3;-;-;12;7;4;-;-;1;-;-;-;5;6;60
"351130 Cedral";6;11;1;4;1;2;-;-;19;3;6;-;-;3;-;-;-;2;5;63
"351140 Cerqueira César";1;19;-;12;-;1;-;-;35;10;12;-;1;3;-;2;1;42;10;149
"351150 Cerquilho";11;63;-;17;5;7;-;-;63;35;14;2;1;7;-;4;-;11;21;261
"351160 Cesário Lange";1;20;-;5;-;-;-;-;25;12;9;-;-;4;-;-;-;11;4;91
"351170 Charqueada";4;19;2;4;1;-;-;-;27;14;1;-;1;4;-;5;1;7;5;95
"355720 Chavantes";1;15;1;9;-;-;-;-;24;14;4;-;-;2;-;2;-;14;5;91
"351190 Clementina";2;13;-;3;-;-;-;-;10;5;3;-;-;1;-;3;-;3;2;45
"351200 Colina";7;21;1;12;1;3;-;-;46;22;4;1;-;6;1;1;1;5;9;141
"351210 Colômbia";4;4;-;5;-;-;-;-;13;4;3;-;-;1;-;-;-;6;7;47
"351220 Conchal";6;26;-;8;-;1;-;-;42;23;5;-;1;6;-;-;-;19;17;154
"351230 Conchas";5;31;3;9;2;6;-;-;67;9;9;-;-;2;-;1;1;7;13;165
"351240 Cordeirópolis";2;22;-;7;-;-;-;-;23;22;8;1;-;5;1;4;-;8;11;114
"351250 Coroados";1;8;-;-;-;-;-;-;9;4;2;-;-;5;-;-;2;5;3;39
"351260 Coronel Macedo";1;4;-;1;-;2;-;-;6;2;3;1;-;-;-;-;-;10;4;34
"351270 Corumbataí";-;7;-;-;-;1;-;-;5;5;3;-;-;-;-;-;-;2;2;25
"351280 Cosmópolis";20;55;3;18;6;4;-;1;90;34;19;-;-;5;-;5;3;66;27;356
"351290 Cosmorama";3;11;-;2;-;5;-;-;22;5;2;-;-;1;-;1;2;4;6;64
"351300 Cotia";28;229;5;50;6;23;-;-;386;163;57;7;5;29;1;15;18;23;116;1161
"351310 Cravinhos";2;35;1;8;6;7;-;-;48;41;11;1;3;9;-;2;4;10;9;197
"351320 Cristais Paulista";2;10;-;2;2;2;-;-;15;5;4;-;-;1;-;1;1;4;2;51
"351330 Cruzália";2;3;-;1;-;1;-;-;1;2;2;-;-;-;-;1;-;2;2;17
"351340 Cruzeiro";46;88;5;50;8;11;-;-;166;84;26;-;-;25;-;13;2;48;30;602
"351350 Cubatão";39;123;4;40;1;14;-;-;224;68;36;4;7;20;1;30;7;18;90;726
"351360 Cunha";3;25;-;9;1;4;-;-;61;19;6;-;-;7;-;-;-;7;11;153
"351370 Descalvado";6;42;-;10;3;1;-;-;86;31;18;1;-;7;-;1;2;7;23;238
"351380 Diadema";76;395;8;85;8;33;-;-;660;290;126;13;13;43;3;54;27;54;290;2178
"351385 Dirce Reis";-;6;-;1;-;-;-;-;7;1;-;-;-;-;-;1;-;4;-;20
"351390 Divinolândia";1;20;3;7;-;4;-;-;30;15;6;-;-;1;-;-;1;4;9;101
"351400 Dobrada";1;8;-;2;-;1;-;-;9;9;2;-;-;2;-;-;-;6;4;44
"351410 Dois Córregos";3;35;-;9;3;2;-;-;47;17;8;1;-;4;-;2;2;22;19;174
"351420 Dolcinópolis";1;4;-;4;-;-;-;-;2;5;2;-;-;1;-;-;-;2;1;22
"351430 Dourado";3;14;-;6;-;1;-;-;16;10;1;-;-;2;-;-;-;2;12;67
"351440 Dracena";16;69;1;32;10;6;-;-;93;29;22;-;1;8;-;3;3;47;20;360
"351450 Duartina";1;15;-;6;-;11;-;-;26;8;9;-;-;1;-;-;-;15;12;104
"351460 Dumont";4;9;1;6;-;-;-;-;12;7;1;-;-;-;-;-;-;3;4;47
"351470 Echaporã";2;7;1;6;1;2;-;-;16;6;5;-;-;-;-;1;-;-;3;50
"351480 Eldorado";4;17;2;8;-;1;-;-;33;4;4;-;1;-;2;3;2;11;13;105
"351490 Elias Fausto";5;7;1;3;-;5;-;-;28;16;6;-;1;2;-;1;1;13;11;100
"351492 Elisiário";1;4;-;-;-;1;-;-;9;8;1;-;-;1;-;-;-;2;3;30
"351495 Embaúba";1;4;-;5;-;-;-;-;4;4;3;-;-;-;-;-;-;1;5;27
"351500 Embu das Artes";42;211;5;51;7;33;-;-;491;172;95;1;2;26;1;30;11;27;150;1355
"351510 Embu-Guaçu";19;71;1;37;2;11;-;-;125;49;27;1;2;10;-;6;1;24;47;433
"351512 Emilianópolis";1;3;-;2;-;1;-;-;10;-;1;-;-;-;-;-;-;3;1;22
"351515 Engenheiro Coelho";1;16;1;7;-;-;-;-;16;9;5;-;1;2;-;-;1;10;13;82
"351518 Espírito Santo do Pinhal";6;67;1;23;3;7;-;-;126;42;22;1;-;8;-;4;5;29;16;360
"351519 Espírito Santo do Turvo";1;6;-;1;-;1;-;-;2;-;-;-;-;-;-;-;-;3;3;17
"355730 Estiva Gerbi";1;14;-;-;-;2;-;-;15;6;4;1;-;1;-;2;-;14;8;68
"351520 Estrela d'Oeste";3;12;1;4;-;2;-;-;10;12;2;-;-;1;-;-;-;14;8;69
"351530 Estrela do Norte";1;4;-;1;-;-;-;-;4;1;-;-;-;-;-;-;-;2;-;13
"351535 Euclides da Cunha Paulista";2;16;-;3;-;-;-;-;16;9;5;1;-;1;-;1;-;6;8;68
"351540 Fartura";7;23;1;10;-;2;-;-;26;13;3;-;1;6;-;4;-;7;5;108
"351560 Fernando Prestes";-;11;-;1;-;3;-;-;14;4;2;-;-;3;-;-;-;1;3;42
"351550 Fernandópolis";22;109;3;24;3;19;-;-;115;67;33;4;3;8;-;4;-;65;41;520
"351565 Fernão";-;2;-;-;-;-;-;-;9;-;2;-;-;-;-;-;-;3;2;18
"351570 Ferraz de Vasconcelos";27;149;5;75;3;13;-;-;213;94;38;1;5;28;1;30;17;194;86;979
"351580 Flora Rica";2;1;-;2;-;-;-;-;5;2;2;-;-;-;-;-;-;1;2;17
"351590 Floreal";1;4;-;1;-;-;-;-;11;5;1;-;-;-;-;-;-;1;1;25
"351600 Flórida Paulista";2;11;-;5;-;-;-;-;23;12;4;1;-;2;-;1;-;26;6;93
"351610 Florínia";1;4;-;2;-;-;-;-;6;1;-;-;-;-;-;1;-;1;4;20
"351620 Franca";89;381;5;82;6;82;-;-;683;308;154;3;7;76;1;29;16;34;134;2090
"351630 Francisco Morato";31;112;5;61;1;12;-;-;278;82;57;3;1;12;3;15;13;17;76;779
"351640 Franco da Rocha";26;125;3;37;2;15;-;-;295;101;46;1;3;23;-;14;11;6;76;784
"351650 Gabriel Monteiro";1;6;1;-;-;1;-;-;4;1;-;-;-;-;-;-;-;1;1;16
"351660 Gália";-;16;1;6;-;3;-;-;16;10;3;1;-;1;-;2;1;4;3;67
"351670 Garça";16;62;2;32;5;13;-;-;100;49;19;3;1;9;1;4;3;33;20;372
"351680 Gastão Vidigal";-;7;-;2;-;-;-;-;10;4;1;-;-;1;-;-;-;-;2;27
"351685 Gavião Peixoto";1;4;-;-;-;-;-;-;12;3;1;-;-;1;-;2;1;1;-;26
"351690 General Salgado";2;9;2;7;2;2;-;-;30;7;2;-;-;2;1;1;1;6;9;83
"351700 Getulina";2;18;-;4;1;1;-;-;15;11;8;-;-;4;-;3;-;15;2;84
"351710 Glicério";-;7;-;1;-;-;-;-;11;8;5;-;-;-;-;-;1;2;4;39
"351720 Guaiçara";2;10;-;5;-;-;-;-;17;16;8;-;1;1;-;1;-;13;6;80
"351730 Guaimbê";1;8;1;2;1;2;-;-;15;10;4;-;-;1;-;1;1;3;4;54
"351740 Guaíra";26;35;1;20;2;5;-;-;71;49;18;1;1;11;-;7;-;14;25;286
"351750 Guapiaçu";6;21;-;5;1;4;-;-;32;25;2;1;-;5;-;1;1;2;17;123
"351760 Guapiara";2;14;1;11;2;2;-;-;27;9;5;-;-;1;-;5;1;31;20;131
"351770 Guará";5;12;-;12;2;2;-;-;33;9;3;-;-;6;-;5;-;32;10;131
"351780 Guaraçaí";5;17;-;4;-;2;-;-;18;6;2;-;-;1;-;1;2;10;2;70
"351790 Guaraci";2;12;2;6;-;3;-;-;21;12;7;-;-;1;-;2;1;-;6;75
"351800 Guarani d'Oeste";1;1;-;1;-;1;-;-;1;-;2;-;-;3;-;-;-;-;-;10
"351810 Guarantã";1;8;1;-;-;-;-;-;9;6;3;-;-;2;-;1;-;2;5;38
"351820 Guararapes";6;43;2;11;4;3;-;-;49;28;12;1;2;15;-;4;1;20;17;218
"351830 Guararema";5;24;1;9;2;-;-;1;41;20;13;2;1;11;-;1;1;17;18;167
"351840 Guaratinguetá";25;155;3;44;6;24;-;-;235;98;45;3;1;34;2;17;3;138;58;891
"351850 Guareí";2;16;-;7;-;3;-;-;16;10;2;-;-;1;-;-;-;4;5;66
"351860 Guariba";7;27;-;8;2;2;-;-;42;19;4;-;1;6;-;3;1;30;24;176
"351870 Guarujá";86;293;2;111;17;53;-;-;618;263;92;5;7;54;2;63;14;34;183;1897
"351880 Guarulhos";248;1235;24;298;14;161;-;-;2390;980;430;21;33;158;15;137;88;43;737;7012
"351885 Guatapará";-;10;-;1;-;3;-;-;16;3;1;-;-;-;-;-;1;5;5;45
"351890 Guzolândia";2;3;-;3;-;2;-;-;9;1;4;-;1;-;-;1;1;9;-;36
"351900 Herculândia";1;6;2;2;-;2;-;-;23;9;5;-;1;-;-;1;1;6;2;61
"351905 Holambra";-;14;-;2;-;4;-;-;15;4;2;-;-;2;-;-;1;7;9;60
"351907 Hortolândia";35;164;4;63;14;27;-;-;240;121;68;4;4;25;1;12;5;106;108;1001
"351910 Iacanga";1;18;1;3;2;3;-;-;17;7;-;-;1;3;-;2;2;6;9;75
"351920 Iacri";1;9;-;3;-;1;-;-;14;13;6;2;1;2;-;1;-;1;4;58
"351925 Iaras";1;2;-;1;-;-;-;-;5;2;4;1;-;2;-;2;1;13;1;35
"351930 Ibaté";5;25;1;14;-;9;-;-;55;23;11;-;-;8;-;1;2;8;25;187
"351940 Ibirá";-;21;-;2;-;4;-;-;17;32;5;-;-;2;-;-;-;13;3;99
"351950 Ibirarema";4;7;-;2;-;2;-;-;3;10;6;-;-;4;-;1;-;8;2;49
"351960 Ibitinga";15;72;3;22;1;9;-;-;123;68;22;-;2;10;1;4;2;19;34;407
"351970 Ibiúna";9;64;-;15;4;4;-;-;87;43;25;1;-;11;1;6;6;133;68;477
"351980 Icém";5;6;-;2;-;2;-;-;12;14;2;-;-;4;-;-;-;3;8;58
"351990 Iepê";2;10;-;3;-;2;-;-;14;4;5;-;-;7;-;1;-;3;6;57
"352000 Igaraçu do Tietê";7;22;-;16;2;2;-;-;52;18;14;-;-;4;-;1;1;13;16;168
"352010 Igarapava";8;25;1;11;1;3;-;-;65;25;6;-;1;4;-;-;2;21;12;185
"352020 Igaratá";1;13;-;6;-;-;-;-;20;7;2;1;-;-;-;1;-;1;6;58
"352030 Iguape";13;26;-;13;3;5;-;-;74;21;9;-;-;1;-;4;-;34;17;220
"352042 Ilha Comprida";1;16;-;3;3;-;-;-;22;5;6;-;-;2;-;2;2;4;9;75
"352044 Ilha Solteira";6;38;-;12;-;3;-;-;43;14;7;-;1;6;-;1;1;23;19;174
"352040 Ilhabela";3;21;-;3;2;3;-;-;43;20;4;1;-;3;-;1;1;6;21;132
"352050 Indaiatuba";41;193;8;76;5;38;-;-;384;207;53;4;3;61;-;21;10;18;93;1215
"352060 Indiana";4;12;1;1;-;-;-;-;12;4;1;-;-;3;-;-;1;3;3;45
"352070 Indiaporã";4;6;-;1;-;1;-;-;12;10;1;-;-;2;-;-;-;4;1;42
"352080 Inúbia Paulista";-;9;-;2;-;-;-;-;10;4;-;-;-;-;-;-;-;3;-;28
"352090 Ipaussu";5;15;1;12;1;4;-;-;32;5;8;-;-;2;-;1;2;9;6;103
"352100 Iperó";7;19;1;13;4;3;-;-;36;10;3;-;-;2;-;1;3;13;14;129
"352110 Ipeúna";3;7;-;-;1;2;-;-;9;6;2;1;-;-;-;-;-;7;2;40
"352115 Ipiguá";2;6;-;1;-;-;-;-;9;7;4;-;-;-;-;-;-;2;3;34
"352120 Iporanga";1;1;-;2;-;-;-;-;9;3;1;-;-;2;-;-;-;2;3;24
"352130 Ipuã";3;12;1;3;-;1;-;-;22;14;3;-;1;2;-;1;-;22;4;89
"352140 Iracemápolis";4;28;1;6;1;9;-;-;34;18;1;-;1;2;-;1;-;5;7;118
"352150 Irapuã";2;8;1;3;-;4;-;-;21;7;2;-;-;2;-;-;1;3;3;57
"352160 Irapuru";2;15;-;3;1;2;-;-;16;12;1;-;-;1;1;1;-;2;4;61
"352170 Itaberá";2;15;1;5;1;1;-;-;26;12;5;1;-;4;-;2;-;14;11;100
"352180 Itaí";6;17;1;10;2;5;-;-;46;15;5;-;2;8;1;3;-;24;15;160
"352190 Itajobi";4;20;-;2;-;5;-;-;45;19;6;-;-;6;-;-;3;7;13;130
"352200 Itaju";3;6;-;1;-;1;-;-;4;1;1;-;-;-;-;-;-;1;1;19
"352210 Itanhaém";36;101;6;48;5;25;-;-;271;108;46;4;2;22;2;9;4;23;78;790
"352215 Itaóca";1;2;-;2;-;-;-;-;9;4;-;-;-;1;-;1;-;3;1;24
"352220 Itapecerica da Serra";34;140;4;33;9;40;-;-;278;90;27;3;4;11;3;25;7;30;115;853
"352230 Itapetininga";42;167;4;47;9;21;-;-;241;128;58;-;7;38;2;19;7;196;95;1081
"352240 Itapeva";16;101;4;59;6;13;-;-;156;79;27;1;1;19;-;21;7;77;37;624
"352250 Itapevi";41;161;12;37;7;17;-;1;344;153;52;4;3;21;2;20;15;22;131;1043
"352260 Itapira";27;107;4;39;18;16;-;-;202;80;42;3;-;19;-;4;3;20;47;631
"352265 Itapirapuã Paulista";1;2;-;3;-;1;-;-;6;4;3;1;-;-;-;-;1;4;-;26
"352270 Itápolis";10;51;-;8;1;7;-;-;125;67;17;1;-;12;-;2;1;28;36;366
"352280 Itaporanga";3;12;-;6;-;2;-;-;19;8;7;-;-;4;1;2;1;27;6;98
"352290 Itapuí";3;17;1;3;1;5;-;-;25;18;9;-;-;1;-;-;-;11;6;100
"352300 Itapura";4;8;-;3;-;-;-;-;13;3;7;-;-;1;-;1;-;3;6;49
"352310 Itaquaquecetuba";65;217;15;96;8;38;-;-;367;179;90;4;9;44;1;49;23;270;199;1674
"352320 Itararé";11;62;-;38;7;7;-;1;119;15;20;2;1;9;-;10;-;8;26;336
"352330 Itariri";3;14;-;12;2;1;-;-;24;13;-;-;-;1;-;1;2;4;8;85
"352340 Itatiba";20;131;9;29;1;19;-;-;208;84;34;2;3;25;1;15;3;14;45;643
"352350 Itatinga";3;11;-;2;-;2;-;-;42;13;7;-;-;5;-;1;-;4;8;98
"352360 Itirapina";4;21;1;2;1;1;-;-;27;17;4;1;-;3;-;1;1;11;8;103
"352370 Itirapuã";1;6;-;3;-;1;-;-;10;1;-;-;-;-;-;-;-;7;1;30
"352380 Itobi";3;7;-;2;-;1;-;-;13;9;5;1;1;-;-;-;1;4;1;48
"352390 Itu";55;174;1;55;26;35;-;-;288;134;58;3;7;31;1;14;16;39;77;1014
"352400 Itupeva";3;58;1;10;-;2;-;-;71;31;17;-;1;5;-;4;1;5;25;234
"352410 Ituverava";12;46;2;19;2;4;-;-;88;52;14;-;-;15;-;5;3;26;20;308
"352420 Jaborandi";2;4;-;2;-;-;-;-;19;7;2;1;-;-;-;1;-;1;3;42
"352430 Jaboticabal";23;85;3;39;6;16;-;-;146;90;31;6;4;27;-;4;5;8;48;541
"352440 Jacareí";68;248;3;47;16;29;-;-;330;172;84;4;1;85;-;18;11;105;148;1369
"352450 Jaci";-;5;-;1;-;3;-;-;7;6;2;-;-;2;-;-;1;4;3;34
"352460 Jacupiranga";1;23;1;17;1;3;-;-;32;13;3;-;-;4;-;1;2;15;10;126
"352470 Jaguariúna";14;51;-;10;1;14;-;-;78;36;13;4;2;4;-;4;5;12;17;265
"352480 Jales";22;55;3;13;3;9;-;-;94;44;26;2;2;13;-;3;1;51;24;365
"352490 Jambeiro";2;4;-;2;1;-;-;-;4;2;4;-;-;1;-;1;-;6;2;29
"352500 Jandira";23;72;-;17;1;10;-;-;136;61;22;1;2;10;-;11;8;25;57;456
"352510 Jardinópolis";7;41;1;19;5;5;-;-;78;37;17;4;3;8;-;1;1;4;24;255
"352520 Jarinu";5;32;-;1;-;4;-;-;41;23;13;-;-;2;1;2;2;-;20;146
"352530 Jaú";17;167;2;27;5;20;-;-;208;155;63;3;1;33;-;12;6;190;61;970
"352540 Jeriquara";-;1;-;1;1;2;-;-;8;-;3;-;-;1;-;-;-;6;1;24
"352550 Joanópolis";-;7;1;3;1;-;-;-;23;20;12;-;-;2;-;2;-;10;3;84
"352560 João Ramalho";-;2;-;2;-;4;-;-;8;4;2;-;-;-;-;1;-;2;2;27
"352570 José Bonifácio";13;28;1;18;4;3;-;-;65;33;11;-;-;8;-;-;2;6;19;211
"352580 Júlio Mesquita";-;3;-;-;-;-;-;-;8;3;1;-;-;-;-;-;-;6;3;24
"352585 Jumirim";-;5;-;-;-;-;-;-;4;2;1;-;-;1;-;-;-;1;-;14
"352590 Jundiaí";67;565;9;65;3;124;-;-;843;401;182;11;12;66;-;28;20;17;201;2614
"352600 Junqueirópolis";12;28;-;16;2;2;-;-;49;25;8;-;1;2;-;2;2;13;12;174
"352610 Juquiá";6;25;1;10;2;-;-;-;46;14;5;1;1;4;-;2;1;36;17;171
"352620 Juquitiba";5;24;-;12;2;5;-;-;72;16;13;1;-;5;-;1;1;9;30;196
"352630 Lagoinha";1;9;-;2;-;3;-;-;11;12;1;-;-;3;-;-;-;9;8;59
"352640 Laranjal Paulista";4;42;-;21;2;7;-;-;60;34;12;1;2;4;-;5;-;12;20;226
"352650 Lavínia";4;9;-;2;1;-;-;-;11;2;2;-;-;1;-;-;-;8;3;43
"352660 Lavrinhas";2;3;1;4;-;1;-;-;17;6;3;-;-;-;-;-;-;7;5;49
"352670 Leme";48;84;7;36;5;12;-;-;149;91;40;1;-;39;1;5;2;104;57;681
"352680 Lençóis Paulista";17;60;4;18;3;7;-;-;93;56;18;2;-;18;-;3;3;68;28;398
"352690 Limeira";78;361;6;86;9;69;-;1;561;237;126;5;6;56;3;11;10;105;161;1891
"352700 Lindóia";1;11;1;5;-;1;-;-;16;5;3;-;-;1;-;-;-;-;5;49
"352710 Lins";19;78;3;23;2;11;-;-;152;114;26;1;2;10;-;3;4;113;38;599
"352720 Lorena";29;83;8;49;3;17;-;-;153;81;42;1;4;30;2;11;4;81;36;634
"352725 Lourdes";-;4;-;-;-;-;-;-;4;4;-;-;-;1;-;-;-;4;2;19
"352730 Louveira";5;45;2;4;1;9;-;-;73;29;10;1;1;3;-;6;3;1;22;215
"352740 Lucélia";3;28;2;6;3;5;-;-;48;20;5;1;2;-;-;-;1;17;10;151
"352750 Lucianópolis";-;3;-;1;-;-;-;-;5;1;2;-;-;-;-;-;-;1;1;14
"352760 Luís Antônio";2;14;-;4;-;1;-;-;15;9;2;-;-;-;-;1;1;4;5;58
"352770 Luiziânia";1;9;1;3;-;-;-;-;12;4;1;-;-;-;-;-;1;1;3;36
"352780 Lupércio";1;7;2;1;-;1;-;-;9;4;5;-;-;-;-;1;-;1;5;37
"352790 Lutécia";1;1;-;2;1;-;-;-;8;1;1;-;-;-;-;-;-;6;1;22
"352800 Macatuba";2;19;1;5;-;2;-;-;25;11;5;-;-;3;-;-;-;15;8;96
"352810 Macaubal";2;8;-;5;-;2;-;-;23;6;5;-;-;1;-;-;-;6;7;65
"352820 Macedônia";1;9;-;-;-;2;-;-;5;4;2;-;-;2;-;1;-;3;2;31
"352830 Magda";1;4;-;2;-;1;-;-;8;4;1;-;-;1;-;-;-;1;3;26
"352840 Mairinque";9;43;1;9;2;5;-;-;56;31;21;1;-;4;-;1;3;60;44;290
"352850 Mairiporã";15;88;1;25;3;5;-;-;154;85;27;1;2;17;1;7;3;13;53;500
"352860 Manduri";-;7;1;5;-;-;-;-;18;9;5;-;-;1;-;-;-;13;9;68
"352870 Marabá Paulista";1;6;-;2;1;2;-;-;7;6;3;-;-;-;-;-;-;5;-;33
"352880 Maracaí";4;17;1;6;-;1;-;-;33;10;12;-;-;1;-;-;1;11;11;108
"352885 Marapoama";1;4;-;2;-;1;-;-;5;4;-;1;-;2;-;1;-;-;-;21
"352890 Mariápolis";1;3;-;3;-;-;-;-;3;4;-;-;-;-;-;-;-;5;2;21
"352900 Marília";51;327;5;55;13;56;-;-;537;205;108;6;13;37;1;22;11;23;131;1601
"352910 Marinópolis";-;2;-;-;-;1;-;-;2;-;1;-;-;-;-;-;-;5;2;13
"352920 Martinópolis";2;34;1;11;-;4;-;-;48;24;7;-;2;9;-;2;1;30;15;190
"352930 Matão";24;88;3;19;4;16;-;-;147;86;20;-;4;11;-;13;3;19;41;498
"352940 Mauá";96;371;8;98;5;28;-;-;724;313;116;9;3;83;4;57;22;23;210;2170
"352950 Mendonça";4;5;-;7;1;2;-;-;12;2;2;-;-;-;-;-;-;1;3;39
"352960 Meridiano";2;8;-;1;-;3;-;-;5;6;5;-;-;-;-;-;1;2;-;33
"352965 Mesópolis";1;4;-;-;-;-;-;-;3;1;-;-;-;-;-;-;-;2;2;13
"352970 Miguelópolis";6;26;-;5;-;2;-;-;35;19;7;-;-;2;-;1;-;20;9;132
"352980 Mineiros do Tietê";-;18;-;6;-;1;-;-;22;20;1;-;-;2;-;-;1;1;2;74
"353000 Mira Estrela";1;3;-;1;-;3;-;-;7;1;3;-;-;-;-;-;-;2;-;21
"352990 Miracatu";2;21;-;8;1;-;-;-;30;19;10;1;2;5;1;2;-;18;17;137
"353010 Mirandópolis";6;38;-;10;3;7;-;1;58;20;9;-;2;3;-;2;2;37;8;206
"353020 Mirante do Paranapanema";6;15;-;5;-;4;-;-;36;16;11;-;-;6;-;-;-;3;7;109
"353030 Mirassol";19;65;2;22;2;17;-;-;98;89;18;1;1;14;-;4;2;17;33;404
"353040 Mirassolândia";1;6;1;-;-;1;-;-;13;8;2;-;1;-;-;1;-;1;3;38
"353050 Mococa";29;101;3;17;3;14;-;-;177;95;36;2;5;9;1;2;3;11;20;528
"353060 Mogi das Cruzes";74;420;12;134;12;66;-;-;788;339;162;8;12;67;4;49;29;28;237;2441
"353070 Mogi Guaçu";29;176;2;47;17;40;-;1;262;130;60;3;3;31;-;12;8;64;81;966
"353080 Mogi Mirim";24;101;3;51;5;23;-;-;198;89;48;2;2;22;-;8;9;17;56;658
"353090 Mombuca";1;4;-;1;-;1;-;-;7;1;1;-;-;-;-;-;-;-;1;17
"353100 Monções";-;4;-;3;-;-;-;-;7;-;1;-;-;-;-;-;-;1;1;17
"353110 Mongaguá";19;40;-;45;5;9;-;-;138;63;15;1;2;14;-;-;3;33;45;432
"353120 Monte Alegre do Sul";1;11;-;4;-;-;-;-;17;9;1;-;-;2;-;-;1;1;3;50
"353130 Monte Alto";8;50;1;10;-;6;-;-;72;83;19;1;5;20;-;1;4;49;35;364
"353140 Monte Aprazível";2;23;1;8;-;4;-;-;45;32;7;-;2;6;-;1;1;12;13;157
"353150 Monte Azul Paulista";7;24;-;11;2;6;-;-;52;12;7;-;-;3;-;2;-;9;11;146
"353160 Monte Castelo";1;5;-;3;-;-;-;-;8;13;2;1;-;-;-;-;-;3;4;40
"353180 Monte Mor";7;45;1;22;2;2;-;-;57;33;18;1;-;5;-;4;4;56;38;295
"353170 Monteiro Lobato";-;4;-;1;-;3;-;-;7;4;2;-;-;1;-;-;1;2;4;29
"353190 Morro Agudo";3;35;-;12;2;2;-;-;42;15;7;-;1;1;-;5;-;9;21;155
"353200 Morungaba";-;9;2;-;-;-;-;-;19;11;2;-;-;-;-;2;-;17;2;64
"353205 Motuca";2;1;-;-;-;-;-;-;10;5;1;1;-;-;-;-;-;1;5;26
"353210 Murutinga do Sul";2;3;1;3;1;1;-;-;10;4;3;-;-;-;-;-;-;3;1;32
"353215 Nantes";1;2;1;1;1;-;-;-;4;1;3;-;1;1;-;-;-;-;3;19
"353220 Narandiba";2;3;-;1;-;1;-;-;8;5;1;-;-;1;-;-;1;2;2;27
"353230 Natividade da Serra";1;8;-;4;-;1;-;-;20;6;4;-;-;3;-;-;-;5;4;56
"353240 Nazaré Paulista";2;18;-;12;-;2;-;-;46;18;10;-;-;5;-;2;1;5;12;133
"353250 Neves Paulista";3;8;-;4;1;5;-;-;20;13;3;-;-;3;-;-;1;2;5;68
"353260 Nhandeara";1;17;1;10;1;5;-;-;30;18;10;-;-;2;-;-;-;1;9;105
"353270 Nipoã";2;1;-;3;-;1;-;-;7;4;3;-;-;1;-;-;-;6;2;30
"353280 Nova Aliança";-;10;1;1;-;2;-;-;7;5;-;-;1;1;-;1;-;2;11;42
"353282 Nova Campina";-;6;-;-;-;-;-;-;12;8;4;-;-;-;-;-;-;6;3;39
"353284 Nova Canaã Paulista";1;6;2;-;-;1;-;-;2;-;-;-;-;-;-;-;-;4;3;19
"353286 Nova Castilho";-;-;-;-;-;-;-;-;1;-;-;-;-;-;-;-;-;1;-;2
"353290 Nova Europa";6;6;1;5;1;-;-;-;15;5;3;-;-;2;-;-;1;5;5;55
"353300 Nova Granada";3;23;-;3;1;4;-;-;43;22;12;1;2;5;-;1;1;12;13;146
"353310 Nova Guataporanga";2;5;-;-;1;-;-;-;8;3;-;-;-;1;-;-;-;1;1;22
"353320 Nova Independência";1;2;-;2;-;-;-;-;8;2;1;-;-;-;-;-;-;-;3;19
"353330 Nova Luzitânia";1;4;-;2;-;-;-;-;8;3;1;-;1;-;-;-;-;1;1;22
"353340 Nova Odessa";12;47;-;10;5;4;-;-;85;35;11;1;2;10;-;4;1;50;26;303
"353325 Novais";1;4;-;2;-;-;-;-;13;6;2;-;-;4;-;1;-;-;2;35
"353350 Novo Horizonte";12;44;4;25;-;16;-;-;85;40;16;-;-;9;-;1;3;11;27;293
"353360 Nuporanga";1;8;-;1;-;3;-;-;11;5;3;1;-;4;-;1;1;1;5;45
"353370 Ocauçu";-;5;-;2;1;-;-;-;19;6;2;-;-;-;-;1;-;-;2;38
"353380 Óleo";2;2;-;4;1;-;-;-;11;1;2;-;-;-;-;-;-;2;-;25
"353390 Olímpia";6;54;-;23;5;10;-;-;112;67;19;1;1;15;-;2;1;29;31;376
"353400 Onda Verde";1;2;-;-;-;-;-;-;7;5;-;-;-;1;-;-;-;-;2;18
"353410 Oriente";4;13;-;-;-;3;-;-;14;3;3;-;-;3;-;1;1;-;2;47
"353420 Orindiúva";1;6;-;1;1;-;-;-;10;5;3;-;-;-;-;1;-;1;5;34
"353430 Orlândia";6;46;1;11;-;9;-;-;76;23;31;2;1;9;-;7;2;11;16;251
"353440 Osasco";140;738;16;162;19;102;-;-;1358;559;261;24;23;99;2;76;46;65;366;4056
"353450 Oscar Bressane";-;3;-;2;-;1;-;-;10;3;1;-;-;-;-;2;-;-;1;23
"353460 Osvaldo Cruz";6;46;1;28;3;5;-;-;66;38;13;-;2;13;-;-;1;29;18;269
"353470 Ourinhos";35;104;3;43;5;24;-;-;203;80;37;3;2;18;1;1;4;141;46;750
"353480 Ouro Verde";1;12;-;3;2;-;-;-;19;5;4;-;1;-;-;1;1;12;4;65
"353475 Ouroeste";3;5;-;1;-;1;-;-;10;7;6;-;-;1;-;1;1;8;6;50
"353490 Pacaembu";4;14;-;4;1;4;-;-;40;17;1;-;-;3;-;-;1;20;3;112
"353500 Palestina";2;19;-;2;-;2;-;-;28;15;5;-;-;5;-;1;1;7;12;99
"353510 Palmares Paulista";4;7;-;3;1;-;-;-;10;6;3;1;-;1;-;2;1;4;7;50
"353520 Palmeira d'Oeste";3;10;1;5;-;-;-;-;17;9;5;-;-;3;-;-;-;19;5;77
"353530 Palmital";12;31;2;18;-;4;-;-;49;22;15;-;-;7;-;-;1;20;12;193
"353540 Panorama";4;15;-;8;4;1;-;-;37;9;2;-;1;1;-;-;4;13;8;107
"353550 Paraguaçu Paulista";17;54;1;16;4;3;-;-;118;49;19;1;1;14;-;9;1;14;19;340
"353560 Paraibuna";3;23;1;6;-;-;-;-;28;10;10;-;1;1;-;-;1;15;7;106
"353570 Paraíso";-;4;-;3;-;2;-;-;19;5;1;-;-;4;-;-;-;2;2;42
"353580 Paranapanema";4;11;1;10;3;3;-;-;37;14;3;-;-;4;-;2;1;23;11;127
"353590 Paranapuã";-;6;-;3;-;-;-;-;5;1;1;-;-;2;-;-;1;4;7;30
"353600 Parapuã";1;19;-;8;-;5;-;-;25;7;2;-;-;-;-;-;1;14;7;89
"353610 Pardinho";1;8;-;1;1;1;-;-;11;7;4;-;-;-;-;-;-;-;2;36
"353620 Pariquera-Açu";4;26;1;11;1;2;-;-;32;17;2;-;-;2;-;2;2;14;6;122
"353625 Parisi";-;4;-;1;-;1;-;-;3;1;2;-;-;1;-;-;-;4;1;18
"353630 Patrocínio Paulista";4;16;1;6;1;-;-;-;24;9;7;-;-;1;-;2;2;15;6;94
"353640 Paulicéia";3;6;-;1;1;-;-;-;9;4;4;-;-;2;-;1;-;8;4;43
"353650 Paulínia";19;79;6;16;3;17;-;-;85;56;25;1;1;17;-;5;4;51;41;426
"353657 Paulistânia";1;-;-;-;-;1;-;-;5;2;1;-;-;-;-;-;-;4;3;17
"353660 Paulo de Faria";4;8;-;2;-;-;-;-;13;15;6;1;-;3;-;1;-;15;10;78
"353670 Pederneiras";11;35;-;7;1;6;-;-;76;49;16;-;1;6;-;3;3;48;24;286
"353680 Pedra Bela";1;8;-;3;-;-;-;-;19;11;4;-;-;2;-;2;1;1;5;57
"353690 Pedranópolis";-;5;-;1;-;-;-;-;5;-;1;-;-;-;-;-;-;5;2;19
"353700 Pedregulho";5;18;1;5;1;-;-;-;17;12;8;-;-;4;-;2;-;35;5;113
"353710 Pedreira";2;57;1;20;3;2;-;-;89;32;19;2;-;3;1;-;2;8;18;259
"353715 Pedrinhas Paulista";-;6;1;3;-;1;-;-;4;3;1;1;-;1;-;-;-;1;1;23
"353720 Pedro de Toledo";3;14;-;9;2;2;-;-;16;5;2;2;-;-;-;1;-;6;6;68
"353730 Penápolis";13;83;1;26;3;19;-;-;167;93;20;6;3;9;-;9;3;29;41;525
"353740 Pereira Barreto";14;24;-;17;1;4;-;-;66;24;13;1;-;3;-;4;2;20;20;213
"353750 Pereiras";1;8;1;2;-;-;-;-;14;8;5;-;-;2;-;1;-;1;7;50
"353760 Peruíbe";27;82;9;38;-;11;-;-;200;64;37;1;4;21;-;8;6;20;42;570
"353770 Piacatu";-;3;-;1;-;1;-;-;6;5;2;-;-;-;-;1;1;2;4;26
"353780 Piedade";12;58;-;41;6;1;-;-;100;67;19;2;2;4;1;4;-;51;34;402
"353790 Pilar do Sul";1;30;1;21;2;7;-;-;48;19;10;-;-;3;-;4;2;23;28;199
"353800 Pindamonhangaba";32;158;7;81;8;19;-;-;281;123;60;4;7;33;1;22;3;42;82;963
"353810 Pindorama";7;25;1;3;-;4;-;-;25;16;11;4;1;5;-;1;1;11;9;124
"353820 Pinhalzinho";4;24;-;6;1;1;-;-;34;8;4;-;-;1;-;3;-;4;8;98
"353830 Piquerobi";-;2;-;1;1;1;-;-;9;4;2;-;-;1;-;1;-;9;4;35
"353850 Piquete";5;22;2;8;-;-;-;-;32;16;7;-;1;10;-;1;1;22;5;132
"353860 Piracaia";7;24;1;10;5;2;-;-;49;25;15;4;1;9;-;2;-;6;13;173
"353870 Piracicaba";116;491;13;124;15;90;-;-;558;358;172;7;13;97;3;29;18;259;243;2606
"353880 Piraju";5;39;-;15;2;11;-;-;80;24;15;-;2;4;-;2;3;33;16;251
"353890 Pirajuí";4;37;1;10;2;4;-;1;49;51;11;3;-;12;-;4;-;19;10;218
"353900 Pirangi";3;14;-;7;1;1;-;-;21;16;6;-;2;1;-;-;-;3;14;89
"353910 Pirapora do Bom Jesus";-;7;-;4;-;3;-;-;47;14;2;-;-;3;-;1;-;7;8;96
"353920 Pirapozinho";6;41;1;10;-;4;-;-;52;15;8;-;-;5;-;2;-;12;19;175
"353930 Pirassununga";15;105;5;24;13;14;-;-;156;72;37;2;3;17;-;3;1;14;50;531
"353940 Piratininga";5;18;-;10;-;-;-;-;26;16;2;1;-;5;-;-;1;16;13;113
"353950 Pitangueiras";3;51;2;21;8;7;-;-;71;20;12;1;-;8;-;3;4;13;19;243
"353960 Planalto";2;-;-;1;-;1;-;-;10;3;6;-;-;2;-;1;-;-;3;29
"353970 Platina";3;5;-;-;-;-;-;-;7;-;-;-;-;3;-;1;-;5;4;28
"353980 Poá";30;121;4;44;6;16;-;1;167;78;40;2;1;16;1;12;8;109;56;712
"353990 Poloni";-;7;1;4;-;1;-;-;20;8;1;-;-;2;-;-;-;6;3;53
"354000 Pompéia";7;31;3;10;-;7;-;-;35;18;9;-;-;4;-;3;2;26;4;159
"354010 Pongaí";1;3;-;-;-;-;-;-;8;2;2;-;-;-;-;-;-;4;1;21
"354020 Pontal";9;35;-;15;3;9;-;-;56;28;10;-;2;1;-;7;7;15;24;221
"354025 Pontalinda";2;3;-;2;1;2;-;-;4;3;-;-;1;-;-;-;2;-;1;21
"354030 Pontes Gestal";1;6;-;-;-;1;-;-;6;2;4;1;-;-;-;-;-;-;2;23
"354040 Populina";1;6;-;2;-;2;-;-;12;8;3;1;-;-;-;-;5;3;1;44
"354050 Porangaba";5;9;-;4;-;1;-;-;26;5;3;-;-;-;-;-;-;9;8;70
"354060 Porto Feliz";16;63;-;25;4;8;-;-;83;64;18;1;2;11;-;7;2;29;27;360
"354070 Porto Ferreira";17;51;4;22;4;14;-;-;127;61;32;-;1;20;-;9;3;18;19;402
"354075 Potim";11;16;3;9;1;3;-;-;30;12;10;1;-;2;-;9;-;12;7;126
"354080 Potirendaba";1;17;-;2;-;2;-;-;25;18;11;-;-;6;-;-;-;6;13;101
"354085 Pracinha";1;2;-;1;-;-;-;-;5;1;2;-;-;-;-;-;-;2;-;14
"354090 Pradópolis";4;9;-;7;-;1;-;-;22;8;3;-;1;4;-;1;-;2;11;73
"354100 Praia Grande";115;336;5;121;9;59;-;1;749;245;109;13;11;59;1;37;11;36;166;2083
"354105 Pratânia";-;6;-;3;-;1;-;-;16;2;2;-;-;1;-;1;1;1;3;37
"354110 Presidente Alves";1;5;-;1;1;1;-;-;8;1;2;-;-;-;-;-;-;2;2;24
"354120 Presidente Bernardes";5;23;-;4;-;2;-;-;42;11;4;1;-;2;-;1;-;12;7;114
"354130 Presidente Epitácio";16;42;1;21;3;6;-;-;68;33;19;2;-;2;-;6;3;47;27;296
"354140 Presidente Prudente";73;282;4;68;4;68;-;-;433;223;77;12;3;56;-;23;10;87;137;1560
"354150 Presidente Venceslau";13;51;1;23;2;7;-;-;77;47;11;-;1;5;1;1;-;51;31;322
"354160 Promissão";7;38;1;14;2;5;-;-;51;30;11;-;1;9;1;5;1;48;23;247
"354165 Quadra";1;3;1;2;-;-;-;-;7;6;-;-;-;-;-;1;1;2;6;30
"354170 Quatá";2;8;-;4;1;7;-;-;28;16;2;-;-;2;-;2;-;19;5;96
"354180 Queiroz";-;4;-;1;-;-;-;-;5;2;-;-;-;1;-;-;-;-;1;14
"354190 Queluz";1;9;3;4;-;1;-;-;19;12;1;-;-;-;-;3;-;3;7;63
"354200 Quintana";-;10;-;1;-;4;-;-;15;8;2;-;-;1;-;-;-;9;6;56
"354210 Rafard";2;10;-;3;-;2;-;-;17;8;6;-;-;1;-;-;-;11;5;65
"354220 Rancharia";15;43;2;7;1;21;-;-;62;31;20;2;-;7;-;3;1;6;19;240
"354230 Redenção da Serra";-;5;1;1;-;-;-;-;9;4;1;-;-;-;-;1;-;2;5;29
"354240 Regente Feijó";6;21;1;5;-;10;-;-;42;17;13;-;-;7;-;6;2;12;12;154
"354250 Reginópolis";3;6;-;1;-;1;-;-;13;6;2;-;-;1;-;2;-;15;5;55
"354260 Registro";17;68;4;33;5;12;-;1;115;43;27;4;-;6;-;16;1;15;41;408
"354270 Restinga";2;6;1;4;1;-;-;-;8;6;-;-;-;3;-;2;-;5;4;42
"354280 Ribeira";1;2;-;2;-;-;-;-;9;4;1;1;-;-;-;1;-;-;5;26
"354290 Ribeirão Bonito";2;11;1;4;-;3;-;-;31;12;3;-;1;3;-;-;-;3;12;86
"354300 Ribeirão Branco";3;21;-;6;3;4;-;-;41;17;5;-;-;3;1;1;3;7;13;128
"354310 Ribeirão Corrente";-;4;-;-;-;-;-;-;9;2;2;1;-;4;-;-;-;3;3;28
"354320 Ribeirão do Sul";-;6;1;5;-;-;-;-;9;4;1;-;-;-;-;-;-;3;1;30
"354323 Ribeirão dos Índios";1;2;-;-;-;1;-;-;6;2;3;1;-;-;-;-;-;2;1;19
"354325 Ribeirão Grande";1;6;-;7;-;1;-;-;18;1;4;-;-;-;-;1;-;4;6;49
"354330 Ribeirão Pires";16;140;2;21;3;18;-;-;255;91;45;3;3;19;1;6;4;8;67;702
"354340 Ribeirão Preto";193;844;12;167;35;208;-;-;1202;385;266;9;28;162;2;68;31;42;444;4098
"354360 Rifaina";3;4;2;-;-;1;-;-;12;5;4;-;1;2;-;-;-;3;3;40
"354370 Rincão";2;13;-;2;-;2;-;-;33;15;6;-;1;1;-;3;-;12;5;95
"354380 Rinópolis";1;20;1;5;1;4;-;-;24;7;7;1;-;3;-;-;4;5;6;89
"354390 Rio Claro";64;248;6;71;12;52;-;1;336;191;81;3;3;45;1;12;8;156;120;1410
"354400 Rio das Pedras";8;26;-;11;-;5;-;-;30;28;6;-;-;5;-;5;1;30;16;171
"354410 Rio Grande da Serra";8;29;-;12;4;6;-;-;78;25;20;-;1;3;-;4;4;1;27;222
"354420 Riolândia";2;8;1;3;-;-;-;-;15;7;3;-;-;2;-;1;-;8;5;55
"354350 Riversul";1;7;-;3;-;-;-;-;12;7;3;-;-;1;-;-;-;10;1;45
"354425 Rosana";4;23;2;8;-;1;-;-;39;10;8;2;-;4;-;2;1;10;10;124
"354430 Roseira";-;7;2;6;-;1;-;-;19;11;5;2;-;2;-;2;-;10;10;77
"354440 Rubiácea";-;2;-;-;-;1;-;-;3;2;1;-;-;-;-;-;-;3;2;14
"354450 Rubinéia";-;7;-;2;-;2;-;-;9;10;2;-;-;1;-;-;-;-;4;37
"354460 Sabino";3;7;-;5;-;3;-;-;16;8;2;-;1;3;-;-;-;2;4;54
"354470 Sagres";-;6;-;-;-;1;-;-;4;1;-;-;-;-;-;-;1;2;-;15
"354480 Sales";3;13;-;1;-;2;-;-;18;3;3;-;-;1;-;-;-;4;4;52
"354490 Sales Oliveira";1;14;-;3;1;3;-;-;24;9;5;-;1;5;-;-;1;4;7;78
"354500 Salesópolis";3;22;-;6;-;1;-;-;30;10;3;-;1;3;-;2;1;19;5;106
"354510 Salmourão";1;7;-;7;-;-;-;-;9;5;4;-;-;1;-;-;-;8;1;43
"354515 Saltinho";2;17;-;3;1;2;-;-;13;10;-;-;1;3;-;-;-;1;3;56
"354520 Salto";23;135;3;28;4;8;-;-;121;127;35;3;4;32;-;11;3;143;65;745
"354530 Salto de Pirapora";6;37;-;23;12;6;-;-;70;48;12;1;1;3;-;3;3;45;36;306
"354540 Salto Grande";3;18;-;6;-;2;-;-;11;7;7;-;1;-;-;-;1;21;3;80
"354550 Sandovalina";-;2;-;-;-;1;-;-;1;6;2;-;-;-;-;-;-;1;2;15
"354560 Santa Adélia";-;18;1;5;-;1;-;-;28;19;7;-;-;6;1;3;-;24;9;122
"354570 Santa Albertina";3;13;2;5;-;3;-;-;18;15;2;-;-;1;-;-;-;7;7;76
"354580 Santa Bárbara d'Oeste";32;189;8;55;6;25;-;-;231;136;71;2;7;44;1;10;6;216;86;1125
"354600 Santa Branca";4;13;-;5;2;2;-;-;26;11;2;1;-;4;1;-;-;3;9;83
"354610 Santa Clara d'Oeste";2;4;1;2;-;-;-;-;6;2;-;-;-;-;-;-;-;-;1;18
"354620 Santa Cruz da Conceição";1;5;-;2;-;1;-;-;5;2;-;-;-;1;-;-;-;1;3;21
"354625 Santa Cruz da Esperança";-;3;-;1;-;1;-;-;2;-;1;-;-;-;-;-;-;-;1;9
"354630 Santa Cruz das Palmeiras";5;27;1;15;1;7;-;-;62;26;8;-;2;7;-;6;2;9;14;192
"354640 Santa Cruz do Rio Pardo";13;42;3;21;1;9;-;-;67;25;25;-;-;11;-;3;2;87;17;326
"354650 Santa Ernestina";-;5;1;2;-;2;-;-;14;3;2;-;1;-;-;1;-;3;2;36
"354660 Santa Fé do Sul";7;37;3;15;3;11;-;-;60;40;19;1;-;23;-;-;4;28;22;273
"354670 Santa Gertrudes";5;17;-;6;-;1;-;-;18;15;2;-;-;1;-;2;1;20;6;94
"354680 Santa Isabel";10;52;4;27;2;5;-;-;131;80;13;3;1;11;2;4;-;12;25;382
"354690 Santa Lúcia";-;6;-;5;1;-;-;-;14;7;4;1;1;-;-;-;1;3;3;46
"354700 Santa Maria da Serra";1;8;1;4;2;2;-;-;9;2;-;-;-;-;-;-;-;2;6;37
"354710 Santa Mercedes";-;3;1;-;-;-;-;-;5;1;1;-;-;-;-;-;-;5;-;16
"354740 Santa Rita d'Oeste";2;4;-;1;1;-;-;1;7;3;1;-;-;1;-;-;-;-;-;21
"354750 Santa Rita do Passa Quatro";4;34;-;17;-;14;-;-;67;45;14;-;-;8;-;2;1;19;14;239
"354760 Santa Rosa de Viterbo";2;30;-;7;-;2;-;-;39;23;6;-;1;5;-;-;1;32;12;160
"354765 Santa Salete";-;4;-;2;-;-;-;-;3;2;-;-;-;1;-;-;-;2;-;14
"354720 Santana da Ponte Pensa";-;3;-;1;-;-;-;-;3;2;2;-;-;1;-;-;-;5;-;17
"354730 Santana de Parnaíba";14;106;3;21;5;17;-;-;153;66;26;2;5;22;-;18;8;12;56;534
"354770 Santo Anastácio";3;37;-;13;1;2;-;-;43;23;7;1;-;7;-;2;2;25;20;186
"354780 Santo André";179;936;23;207;22;191;-;1;1646;724;328;17;35;163;8;45;35;58;400;5018
"354790 Santo Antônio da Alegria";1;7;1;2;-;4;-;-;20;11;3;-;2;3;-;-;-;2;7;63
"354800 Santo Antônio de Posse";7;24;1;7;6;5;-;-;40;28;4;-;1;8;-;-;-;11;15;157
"354805 Santo Antônio do Aracanguá";2;7;-;3;-;3;-;-;15;6;3;-;-;-;-;-;1;6;5;51
"354810 Santo Antônio do Jardim";1;3;2;7;-;-;-;-;17;3;3;1;-;2;-;-;-;5;3;47
"354820 Santo Antônio do Pinhal";-;7;-;5;-;-;-;-;16;2;5;-;-;1;-;-;1;2;4;43
"354830 Santo Expedito";-;5;-;-;1;-;-;-;2;3;2;-;-;-;-;1;-;-;4;18
"354840 Santópolis do Aguapeí";1;1;-;1;-;-;-;-;8;-;2;-;1;-;-;1;-;1;3;19
"354850 Santos";165;868;17;207;14;216;-;1;1380;538;221;24;29;125;2;35;23;30;232;4127
"354860 São Bento do Sapucaí";1;11;-;6;-;3;-;-;21;5;4;1;-;-;-;-;1;15;7;75
"354870 São Bernardo do Campo";125;888;17;154;13;141;-;-;1318;534;246;15;18;117;5;66;50;40;376;4123
"354880 São Caetano do Sul";57;280;12;54;4;76;-;-;433;257;87;17;26;80;-;7;5;13;59;1467
"354890 São Carlos";72;302;3;72;6;47;-;-;487;174;97;5;6;59;1;14;14;133;137;1629
"354900 São Francisco";-;1;-;1;-;1;-;-;9;2;1;-;1;1;-;1;1;5;1;25
"354910 São João da Boa Vista";26;137;8;35;13;27;-;-;232;86;52;-;4;19;-;3;5;31;57;735
"354920 São João das Duas Pontes";-;2;-;1;-;-;-;-;5;3;-;-;-;-;-;-;-;3;-;14
"354925 São João de Iracema";-;1;-;-;-;1;-;-;3;1;1;-;-;-;-;-;-;1;1;9
"354930 São João do Pau d'Alho";-;2;-;1;-;1;-;-;5;3;1;-;-;1;-;-;-;5;3;22
"354940 São Joaquim da Barra";9;59;1;25;5;4;-;-;80;50;16;1;1;14;-;3;2;36;15;321
"354950 São José da Bela Vista";2;6;-;4;-;-;-;-;12;7;2;-;-;1;-;-;-;4;2;40
"354960 São José do Barreiro";-;6;-;1;-;-;-;-;4;5;-;-;-;1;-;-;-;11;2;30
"354970 São José do Rio Pardo";22;80;2;18;3;11;-;-;136;69;19;2;1;8;-;6;3;29;28;437
"354980 São José do Rio Preto";143;569;11;108;10;84;-;-;831;612;171;13;14;98;3;24;15;36;250;2992
"354990 São José dos Campos";137;666;19;182;33;128;-;-;757;399;229;16;17;115;1;58;34;413;292;3496
"354995 São Lourenço da Serra";3;21;-;7;2;2;-;-;33;10;2;-;1;2;-;-;1;7;7;98
"355000 São Luís do Paraitinga";1;15;-;7;1;1;-;-;26;17;4;-;-;4;-;1;1;8;5;91
"355010 São Manuel";9;43;1;20;3;3;-;-;130;32;23;2;-;7;-;-;2;4;27;306
"355020 São Miguel Arcanjo";7;32;1;21;3;6;-;-;53;29;9;1;1;1;-;3;2;15;20;204
"355030 São Paulo";2701;14667;256;3112;995;2554;1;5;23690;9703;4061;307;336;2110;85;1124;608;815;6183;73313
"355040 São Pedro";8;46;3;19;-;2;-;-;57;44;20;1;-;8;-;3;-;52;26;289
"355050 São Pedro do Turvo";2;15;-;3;1;1;-;-;11;4;4;-;1;1;-;1;-;7;4;55
"355060 São Roque";18;96;4;36;18;18;-;-;161;81;27;-;3;15;-;9;3;24;63;576
"355070 São Sebastião";20;93;3;26;5;9;-;-;99;52;20;1;1;9;-;10;4;52;64;468
"355080 São Sebastião da Grama";5;10;1;7;2;-;-;-;32;11;7;-;1;5;-;-;1;12;10;104
"355090 São Simão";3;21;-;3;1;4;-;-;24;14;5;1;-;7;-;1;-;25;9;118
"355100 São Vicente";133;384;17;179;2;59;-;-;776;304;136;10;16;58;3;56;23;44;193;2393
"355110 Sarapuí";2;10;-;6;2;-;-;-;9;11;5;-;-;2;-;4;-;6;6;63
"355120 Sarutaiá";2;8;-;4;1;-;-;-;21;3;2;-;-;1;-;-;-;2;-;44
"355130 Sebastianópolis do Sul";-;2;-;1;-;-;-;-;10;1;1;-;1;1;-;-;-;-;2;19
"355140 Serra Azul";5;6;1;4;1;2;-;-;26;9;1;-;-;1;-;1;1;2;6;66
"355160 Serra Negra";4;38;-;14;2;6;-;-;70;35;11;1;-;6;-;4;1;4;10;206
"355150 Serrana";16;38;2;19;1;5;-;-;45;35;15;-;-;10;-;6;1;8;19;220
"355170 Sertãozinho";39;111;4;22;5;30;-;-;191;125;49;2;2;25;-;10;5;31;73;724
"355180 Sete Barras";1;17;1;1;-;1;-;-;22;13;6;2;-;-;-;7;-;17;9;97
"355190 Severínia";-;17;-;4;1;3;-;-;27;17;5;-;-;5;-;1;-;2;7;89
"355200 Silveiras";3;8;-;1;-;1;-;-;19;3;-;-;-;2;-;1;-;10;1;49
"355210 Socorro";6;63;2;17;1;7;-;-;101;29;13;1;2;7;-;3;4;14;19;289
"355220 Sorocaba";155;640;20;196;17;115;-;-;1027;616;194;22;20;127;2;61;29;410;373;4024
"355230 Sud Mennucci";2;8;-;5;2;2;-;-;25;9;4;-;-;1;-;-;-;7;6;71
"355240 Sumaré";48;219;4;65;11;29;-;1;276;169;53;5;8;30;1;17;16;189;160;1301
"355255 Suzanápolis";1;3;-;-;-;1;-;-;9;1;4;-;-;-;-;-;-;1;-;20
"355250 Suzano";43;260;8;97;16;28;-;-;415;171;73;4;9;41;4;25;17;198;145;1554
"355260 Tabapuã";4;15;1;9;-;6;-;-;29;18;6;-;-;7;-;1;1;5;10;112
"355270 Tabatinga";4;20;-;6;-;3;-;-;41;10;4;1;-;5;-;-;-;3;9;106
"355280 Taboão da Serra";36;265;8;53;7;50;-;-;477;159;101;3;2;24;1;35;24;28;146;1419
"355290 Taciba";3;4;-;-;-;1;-;-;12;6;5;-;-;1;-;-;2;5;1;40
"355300 Taguaí";4;14;1;2;4;2;-;-;10;11;2;-;-;1;-;1;1;9;5;67
"355310 Taiaçu";-;9;-;3;1;-;-;-;12;9;2;-;-;2;-;-;-;1;1;40
"355320 Taiúva";2;9;-;5;-;4;-;-;9;4;1;1;-;1;-;1;-;3;1;41
"355330 Tambaú";6;21;-;5;1;5;-;-;38;19;14;-;1;9;-;4;2;75;9;209
"355340 Tanabi";3;25;2;9;1;6;-;-;54;24;4;-;-;4;-;2;1;12;21;168
"355350 Tapiraí";1;3;-;2;-;1;-;-;10;5;3;-;-;-;-;-;1;17;3;46
"355360 Tapiratiba";1;18;1;4;1;5;-;-;28;13;3;-;-;1;-;-;-;8;7;90
"355365 Taquaral";-;2;-;-;-;-;-;-;8;1;2;-;-;1;-;1;1;-;2;18
"355370 Taquaritinga";17;71;2;28;-;3;-;-;120;54;22;2;1;14;-;4;1;26;23;388
"355380 Taquarituba";11;27;1;13;1;3;-;-;40;16;15;-;-;3;-;2;1;28;18;179
"355385 Taquarivaí";1;2;1;3;1;-;-;-;7;6;3;-;-;2;-;2;-;4;3;35
"355390 Tarabai";1;11;-;2;-;4;-;-;15;10;4;1;-;2;-;-;-;2;4;56
"355395 Tarumã";1;9;-;4;-;3;-;-;23;8;6;-;-;1;-;3;1;4;5;68
"355400 Tatuí";30;119;2;49;11;28;-;-;220;174;39;-;4;23;1;14;7;48;79;848
"355410 Taubaté";70;342;10;151;10;88;-;-;525;281;80;11;8;81;-;36;14;43;152;1902
"355420 Tejupá";1;4;1;5;-;2;-;-;6;2;2;-;-;1;-;-;-;4;-;28
"355430 Teodoro Sampaio";9;15;-;15;1;1;-;-;44;13;15;-;-;2;-;1;3;7;11;137
"355440 Terra Roxa";1;9;1;3;1;2;-;-;13;13;5;-;-;1;-;2;-;13;2;66
"355450 Tietê";6;48;-;8;2;9;-;-;76;32;11;-;1;9;-;5;-;35;20;262
"355460 Timburi";1;2;-;-;-;-;-;-;17;3;-;-;-;1;-;1;-;4;3;32
"355465 Torre de Pedra";-;8;-;-;-;-;-;-;6;5;-;-;-;-;-;-;-;1;-;20
"355470 Torrinha";2;24;-;4;-;7;-;-;21;6;3;-;-;-;-;-;1;15;2;85
"355475 Trabiju";-;1;-;1;-;-;-;-;2;2;1;-;-;-;-;-;-;-;1;8
"355480 Tremembé";9;38;3;15;1;7;-;1;84;47;8;3;1;13;-;4;2;9;19;264
"355490 Três Fronteiras";4;7;-;4;1;-;-;-;14;7;5;-;-;3;-;-;-;4;8;57
"355495 Tuiuti";-;6;-;1;-;-;-;-;14;8;8;-;-;2;-;1;-;-;6;46
"355500 Tupã";23;115;1;28;4;15;-;-;126;64;34;1;4;20;-;1;2;79;34;551
"355510 Tupi Paulista";8;20;-;10;-;2;-;-;37;28;10;-;-;8;-;2;-;8;12;145
"355520 Turiúba";2;3;-;1;-;-;-;-;4;4;-;-;-;-;-;-;-;3;1;18
"355530 Turmalina";1;5;-;-;-;-;-;-;7;1;3;-;-;-;-;-;-;-;2;19
"355535 Ubarana";1;4;-;2;-;-;-;-;13;5;1;-;-;-;-;1;-;2;4;33
"355540 Ubatuba";16;75;1;15;2;16;-;-;130;54;23;3;2;13;-;8;2;59;49;468
"355550 Ubirajara";-;7;-;4;-;1;-;-;19;6;3;-;1;2;-;-;1;3;3;50
"355560 Uchoa";2;15;-;3;-;5;-;-;16;14;7;-;-;3;-;1;1;2;7;76
"355570 União Paulista";1;-;-;1;-;-;-;-;4;1;1;-;-;-;-;-;-;2;-;10
"355580 Urânia";1;15;-;6;-;3;-;-;27;14;7;-;-;5;-;2;1;5;4;90
"355590 Uru";-;2;-;1;2;-;-;-;3;3;1;-;-;2;-;-;-;-;2;16
"355600 Urupês";2;21;1;3;-;1;-;-;50;16;6;-;-;4;-;1;-;2;5;112
"355610 Valentim Gentil";1;11;-;3;2;2;-;-;15;7;4;1;-;1;-;1;-;12;8;68
"355620 Valinhos";30;140;1;26;9;32;-;-;207;115;51;2;2;15;-;8;3;23;38;702
"355630 Valparaíso";5;12;-;4;2;1;-;-;32;15;10;1;1;2;-;2;-;17;13;117
"355635 Vargem";1;8;-;1;-;3;-;-;26;10;5;-;-;2;-;1;1;-;9;67
"355640 Vargem Grande do Sul";8;55;4;32;7;4;-;-;70;38;16;-;2;5;-;3;2;55;13;314
"355645 Vargem Grande Paulista";5;49;-;10;3;6;-;-;76;33;12;1;2;5;-;3;3;6;22;236
"355650 Várzea Paulista";25;91;1;12;-;7;-;-;167;63;24;3;1;9;-;11;4;6;56;480
"355660 Vera Cruz";-;18;-;5;-;3;-;-;41;9;8;-;2;1;-;1;-;4;8;100
"355670 Vinhedo";17;78;3;11;4;14;-;-;148;68;16;2;-;12;-;3;4;9;25;414
"355680 Viradouro";4;16;-;12;-;10;-;-;31;11;5;-;1;8;-;3;-;3;12;116
"355690 Vista Alegre do Alto";2;6;-;-;1;1;-;-;8;2;4;-;-;1;-;-;-;3;7;35
"355695 Vitória Brasil";-;1;-;-;-;1;-;-;3;3;-;-;-;-;-;-;-;1;1;10
"355700 Votorantim";20;125;3;33;7;17;-;-;151;98;33;3;1;16;2;16;8;116;55;704
"355710 Votuporanga";46;102;1;34;5;17;-;-;180;62;48;3;-;14;-;3;3;38;69;625
"355715 Zacarias";-;3;-;1;-;-;-;-;3;2;2;-;-;-;-;-;-;-;3;14
"350000 Município ignorado - SP";12;17;-;9;2;5;-;-;75;42;24;2;-;4;-;2;1;104;371;670
"410010 Abatiá";-;6;-;4;-;1;-;-;24;11;3;-;-;1;-;-;1;5;7;63
"410020 Adrianópolis";2;13;-;5;-;-;-;-;22;9;5;-;-;-;-;1;-;1;9;67
"410030 Agudos do Sul";-;7;-;8;2;1;-;-;15;4;2;1;1;1;-;-;-;2;11;55
"410040 Almirante Tamandaré";21;106;3;38;7;10;-;-;166;56;36;1;2;7;-;13;5;21;144;636
"410045 Altamira do Paraná";-;3;-;1;-;1;-;-;7;3;1;-;1;-;-;-;-;-;3;20
"412862 Alto Paraíso";-;5;-;5;-;-;-;-;8;6;2;-;-;-;-;-;-;2;3;31
"410060 Alto Paraná";1;19;-;5;1;1;-;-;39;12;6;-;2;2;-;1;2;11;10;112
"410070 Alto Piquiri";2;8;1;2;-;3;-;-;20;11;3;-;-;-;-;-;1;8;7;66
"410050 Altônia";19;21;-;9;-;1;-;-;66;15;9;1;-;1;-;2;2;12;10;168
"410080 Alvorada do Sul";2;10;-;4;2;3;-;-;21;7;7;-;1;1;-;1;1;3;8;71
"410090 Amaporã";1;4;-;1;-;1;-;-;7;4;1;-;1;1;-;-;-;1;6;28
"410100 Ampére";3;22;-;7;-;3;-;-;28;13;3;-;-;-;-;1;-;9;9;98
"410105 Anahy";-;5;-;-;-;-;-;-;6;5;2;-;-;1;-;-;-;-;3;22
"410110 Andirá";4;27;-;5;3;5;-;-;48;13;16;-;2;1;-;1;-;5;13;143
"410115 Ângulo";2;3;-;3;-;-;-;-;2;4;1;-;-;-;-;-;-;2;2;19
"410120 Antonina";7;24;-;14;3;1;-;-;32;21;10;2;-;9;-;1;1;24;16;165
"410130 Antônio Olinto";1;12;-;2;2;-;-;-;17;7;2;-;-;-;-;1;1;1;5;51
"410140 Apucarana";20;180;6;51;4;35;-;-;300;82;46;1;2;30;1;8;6;3;98;873
"410150 Arapongas";29;135;2;40;9;26;-;-;207;79;41;-;1;25;2;12;9;37;60;714
"410160 Arapoti";3;21;-;10;4;3;-;-;44;22;11;1;-;8;-;1;2;14;17;161
"410165 Arapuã";-;5;-;-;-;2;-;-;6;1;2;-;-;-;-;-;-;-;1;17
"410170 Araruna";5;14;-;7;-;-;-;-;26;10;7;-;-;3;-;1;1;3;11;88
"410180 Araucária";29;127;3;47;11;23;-;-;175;77;30;-;1;15;-;16;3;11;117;685
"410185 Ariranha do Ivaí";-;6;-;5;-;1;-;-;3;2;2;-;-;1;-;-;-;2;3;25
"410190 Assaí";2;23;-;10;4;4;-;-;39;20;10;-;-;1;1;2;-;1;19;136
"410200 Assis Chateaubriand";5;36;1;24;2;7;-;-;104;16;10;1;2;5;-;2;4;7;24;250
"410210 Astorga";5;31;1;15;4;3;-;-;51;13;12;-;2;4;-;3;1;1;23;169
"410220 Atalaia";-;2;-;3;-;-;-;-;9;1;4;-;1;-;-;-;-;-;3;23
"410230 Balsa Nova";3;16;-;6;-;2;-;-;18;12;7;-;-;-;-;1;-;5;10;80
"410240 Bandeirantes";8;44;2;12;-;3;-;-;108;20;8;1;2;3;-;2;1;21;14;249
"410250 Barbosa Ferraz";1;13;1;5;2;5;-;-;43;11;6;-;-;3;-;1;-;6;5;102
"410270 Barra do Jacaré";-;1;-;-;-;1;-;-;11;2;2;-;-;-;-;-;-;1;-;18
"410260 Barracão";1;6;-;2;1;-;-;-;22;7;2;-;1;3;-;1;1;3;8;58
"410275 Bela Vista da Caroba";-;5;-;-;-;-;-;-;7;4;2;-;-;-;-;-;-;2;1;21
"410280 Bela Vista do Paraíso";4;24;3;13;-;3;-;-;52;25;8;-;1;8;-;4;1;4;22;172
"410290 Bituruna";3;22;1;8;3;1;-;-;31;11;4;-;-;-;-;-;-;-;11;95
"410300 Boa Esperança";1;6;1;2;-;1;-;-;7;4;1;-;-;-;-;-;-;-;5;28
"410302 Boa Esperança do Iguaçu";-;2;-;2;-;-;-;-;3;1;3;1;-;-;-;2;-;2;1;17
"410304 Boa Ventura de São Roque";-;7;1;3;-;-;-;-;7;4;3;-;-;1;-;1;1;3;7;38
"410305 Boa Vista da Aparecida";1;8;1;2;1;3;-;-;22;4;4;-;1;1;-;-;-;-;10;58
"410310 Bocaiúva do Sul";5;9;-;3;2;2;-;-;17;3;-;1;-;1;-;4;2;1;16;66
"410315 Bom Jesus do Sul";-;8;-;2;-;2;-;-;11;2;1;-;-;1;-;1;-;7;2;37
"410320 Bom Sucesso";2;7;-;4;4;-;-;-;22;2;5;-;-;-;-;1;-;2;5;54
"410322 Bom Sucesso do Sul";1;4;-;-;-;-;-;-;10;1;-;-;-;-;-;-;-;-;2;18
"410330 Borrazópolis";1;13;1;5;-;2;-;-;25;6;1;-;-;4;-;1;1;3;9;72
"410335 Braganey";-;12;1;3;-;1;-;-;14;4;2;-;-;-;-;1;1;1;4;44
"410337 Brasilândia do Sul";-;6;-;4;-;-;-;-;12;6;3;-;1;-;-;-;-;3;5;40
"410340 Cafeara";-;3;-;2;-;-;-;-;5;3;1;-;-;-;-;-;1;-;2;17
"410345 Cafelândia";1;11;1;1;-;1;-;-;22;8;4;-;-;3;-;-;2;1;9;64
"410347 Cafezal do Sul";-;4;-;3;1;-;-;-;6;5;1;-;-;-;-;-;-;1;2;23
"410350 Califórnia";4;8;-;4;-;4;-;-;27;5;2;-;1;4;-;1;-;-;7;67
"410360 Cambará";10;33;1;14;7;7;-;-;61;23;7;-;-;5;1;1;1;14;10;195
"410370 Cambé";22;133;1;34;8;17;-;-;157;111;32;-;4;21;1;9;3;10;60;623
"410380 Cambira";4;5;-;5;2;3;-;-;17;9;1;-;-;1;-;-;-;-;5;52
"410390 Campina da Lagoa";4;15;1;7;1;1;-;-;49;9;5;-;-;1;-;3;1;-;10;107
"410395 Campina do Simão";1;6;-;-;-;-;-;-;8;4;-;-;-;1;-;-;1;1;3;25
"410400 Campina Grande do Sul";22;41;1;6;5;4;-;-;72;26;15;-;-;7;-;11;3;11;61;285
"410405 Campo Bonito";1;6;-;1;1;-;-;-;21;3;3;-;-;1;-;-;-;-;3;40
"410410 Campo do Tenente";-;14;-;4;2;1;-;-;10;5;3;-;-;-;-;-;-;3;7;49
"410420 Campo Largo";35;142;1;29;14;27;-;-;204;118;34;-;1;19;-;10;10;2;94;740
"410425 Campo Magro";7;25;-;5;1;7;-;-;43;23;11;-;-;2;1;1;2;1;27;156
"410430 Campo Mourão";24;134;2;30;4;6;-;-;145;133;32;2;2;25;3;9;3;5;77;636
"410440 Cândido de Abreu";2;20;1;2;1;2;-;-;25;10;10;-;1;1;-;2;1;26;14;118
"410442 Candói";2;25;-;10;-;3;-;-;25;10;8;1;-;1;1;3;1;-;18;108
"410445 Cantagalo";1;17;1;6;-;2;-;-;38;13;3;-;1;-;-;2;2;-;13;99
"410450 Capanema";4;34;-;4;-;3;-;-;31;15;8;2;-;2;-;2;2;14;16;137
"410460 Capitão Leônidas Marques";-;23;-;5;-;5;-;-;33;16;4;-;-;1;1;-;-;2;14;104
"410465 Carambeí";1;12;2;4;-;3;-;-;23;19;3;-;-;2;-;2;1;11;8;91
"410470 Carlópolis";7;13;2;11;2;1;-;-;33;16;5;-;-;6;-;2;-;3;7;108
"410480 Cascavel";56;294;13;64;13;43;-;-;455;172;90;2;6;23;2;32;19;51;270;1605
"410490 Castro";10;73;1;22;7;8;-;-;119;57;13;-;-;6;-;14;1;43;52;426
"410500 Catanduvas";2;13;-;-;-;1;-;-;14;8;3;-;-;1;-;1;-;-;11;54
"410510 Centenário do Sul";3;27;-;13;3;2;-;-;30;11;11;-;-;2;-;-;-;3;11;116
"410520 Cerro Azul";3;19;-;8;-;-;-;-;42;23;4;-;-;-;-;1;1;-;14;115
"410530 Céu Azul";1;15;1;5;-;1;-;-;19;6;5;-;-;-;-;1;1;3;7;65
"410540 Chopinzinho";2;20;1;5;-;3;-;-;38;18;6;-;-;4;-;-;-;6;23;126
"410550 Cianorte";11;79;-;31;2;20;-;-;145;52;29;-;-;6;-;9;2;3;49;438
"410560 Cidade Gaúcha";7;8;-;7;-;1;-;-;21;5;5;-;-;-;-;2;2;-;13;71
"410570 Clevelândia";4;24;-;9;1;-;-;-;33;22;8;-;-;3;-;1;3;36;10;154
"410580 Colombo";67;217;5;106;28;38;-;-;363;117;56;-;7;25;2;26;13;26;227;1323
"410590 Colorado";5;29;-;21;2;3;-;-;55;24;9;-;1;9;-;1;-;4;13;176
"410600 Congonhinhas";-;12;-;6;3;-;-;-;31;2;4;-;1;2;-;-;-;2;7;70
"410610 Conselheiro Mairinck";-;4;-;3;1;2;-;-;12;4;2;-;-;1;-;1;-;1;8;39
"410620 Contenda";6;17;-;4;4;3;-;-;29;14;3;-;-;4;-;1;-;2;9;96
"410630 Corbélia";2;29;3;6;-;1;-;-;32;20;6;-;-;2;2;1;-;1;15;120
"410640 Cornélio Procópio";9;73;5;38;5;7;-;-;127;32;25;1;2;9;-;8;2;8;34;385
"410645 Coronel Domingos Soares";2;4;1;-;1;-;-;-;8;4;2;-;-;2;-;1;-;1;7;33
"410650 Coronel Vivida";4;25;2;6;1;4;-;-;38;22;9;-;-;2;-;-;2;3;14;132
"410655 Corumbataí do Sul";2;3;-;2;2;-;-;-;10;3;1;-;-;-;-;-;-;2;2;27
"410680 Cruz Machado";7;16;1;2;1;-;-;-;45;12;5;-;1;1;-;2;1;20;15;129
"410657 Cruzeiro do Iguaçu";-;4;-;6;-;-;-;-;11;8;2;-;-;-;-;-;-;-;3;34
"410660 Cruzeiro do Oeste";12;21;1;14;3;8;-;-;61;17;9;-;-;6;-;5;-;23;28;208
"410670 Cruzeiro do Sul";1;1;-;3;1;1;-;-;11;10;5;-;-;-;-;-;-;-;5;38
"410685 Cruzmaltina";-;3;-;3;-;-;-;-;8;4;1;-;-;-;-;1;2;2;3;27
"410690 Curitiba";384;2204;26;823;85;511;-;2;2750;1032;567;16;72;150;8;113;97;81;1306;10227
"410700 Curiúva";2;9;1;5;-;1;-;-;28;12;10;-;-;4;-;2;1;9;12;96
"410715 Diamante D'Oeste";-;4;-;2;-;1;-;-;14;2;-;-;-;2;-;-;1;1;5;32
"410710 Diamante do Norte";3;10;1;5;-;-;-;-;17;4;2;-;-;-;-;-;-;2;5;49
"410712 Diamante do Sul";1;6;1;1;-;1;-;-;4;4;1;-;-;-;-;-;-;-;3;22
"410720 Dois Vizinhos";8;38;-;11;2;-;-;-;43;33;10;-;-;3;1;6;8;18;36;217
"410725 Douradina";1;12;-;3;-;-;-;-;17;6;3;-;-;1;-;-;2;3;7;55
"410730 Doutor Camargo";1;5;-;4;2;1;-;-;10;7;2;-;1;3;-;-;-;2;8;46
"412863 Doutor Ulysses";-;3;-;-;-;1;-;-;11;5;1;-;-;-;-;-;-;-;3;24
"410740 Enéas Marques";-;9;-;-;-;3;-;-;11;3;1;-;1;2;-;-;1;2;6;39
"410750 Engenheiro Beltrão";5;13;1;12;-;-;-;-;40;9;14;-;-;4;-;-;-;7;9;114
"410753 Entre Rios do Oeste";-;3;1;1;-;-;-;-;12;-;1;-;-;-;-;-;-;1;2;21
"410752 Esperança Nova";-;4;-;1;-;-;-;-;6;1;-;-;-;-;-;-;-;1;-;13
"410754 Espigão Alto do Iguaçu";1;6;-;5;2;2;-;-;9;6;2;-;-;3;-;-;1;-;11;48
"410755 Farol";-;3;-;2;-;1;-;-;6;6;2;-;-;-;-;-;-;1;5;26
"410760 Faxinal";2;20;-;9;-;2;-;-;43;19;4;-;1;5;-;4;1;14;9;133
"410765 Fazenda Rio Grande";23;71;2;42;12;4;-;-;140;55;19;4;4;6;1;13;7;1;122;526
"410770 Fênix";1;5;-;1;1;1;-;-;21;4;2;-;-;4;-;1;-;2;2;45
"410773 Fernandes Pinheiro";1;7;-;2;1;-;-;-;14;10;-;-;-;-;-;1;-;2;2;40
"410775 Figueira";2;13;-;1;1;4;-;-;12;12;5;-;-;2;-;1;-;1;10;64
"410785 Flor da Serra do Sul";-;7;-;2;-;-;-;-;10;3;1;-;1;-;-;3;-;4;2;33
"410780 Floraí";1;7;1;4;1;-;-;-;13;7;2;-;2;1;-;-;1;-;8;48
"410790 Floresta";-;10;-;2;-;3;-;-;14;5;3;-;-;4;-;1;1;2;3;48
"410800 Florestópolis";2;11;1;4;1;-;-;1;32;15;5;-;-;6;-;-;-;6;12;96
"410810 Flórida";1;1;1;1;1;1;-;-;8;-;1;-;-;-;-;-;-;-;-;15
"410820 Formosa do Oeste";1;15;-;-;-;-;-;-;23;6;1;-;-;2;-;1;-;4;15;68
"410830 Foz do Iguaçu";67;290;5;86;4;43;-;-;363;141;120;3;3;21;1;29;23;41;255;1495
"410845 Foz do Jordão";3;6;-;2;-;1;-;-;5;13;2;-;-;-;-;2;-;3;1;38
"410832 Francisco Alves";2;11;-;7;-;-;-;-;14;5;-;-;-;-;-;2;-;2;7;50
"410840 Francisco Beltrão";5;98;5;36;5;18;-;-;127;55;26;1;1;6;-;8;6;33;66;496
"410850 General Carneiro";3;11;4;11;2;1;-;-;20;5;3;-;-;-;1;1;-;6;9;77
"410855 Godoy Moreira";2;3;-;1;-;-;-;-;8;1;1;1;-;1;-;3;-;-;-;21
"410860 Goioerê";3;31;1;15;2;6;-;-;89;23;16;-;-;10;2;3;2;14;18;235
"410865 Goioxim";1;7;-;-;-;4;-;-;5;14;1;-;-;-;-;-;-;1;8;41
"410870 Grandes Rios";1;4;-;2;-;1;-;-;27;10;4;-;-;1;-;-;1;4;7;62
"410880 Guaíra";6;34;1;13;2;3;-;-;71;23;18;-;-;1;-;3;1;15;42;233
"410890 Guairaçá";1;9;-;2;2;-;-;-;17;6;6;-;-;-;-;1;-;9;3;56
"410895 Guamiranga";2;10;-;1;-;1;-;-;6;7;5;-;-;-;-;-;-;8;9;49
"410900 Guapirama";1;5;-;2;1;1;-;-;4;6;2;-;-;1;-;-;1;3;2;29
"410910 Guaporema";-;2;-;-;2;-;-;-;5;1;3;-;-;2;-;-;-;1;-;16
"410920 Guaraci";-;6;-;2;1;-;-;-;16;2;-;-;-;-;-;2;-;-;6;35
"410930 Guaraniaçu";1;18;1;10;2;5;-;-;28;19;7;1;-;1;1;5;-;2;24;125
"410940 Guarapuava";19;224;3;65;9;25;-;-;357;199;63;2;2;23;2;26;5;29;160;1213
"410950 Guaraqueçaba";-;2;1;3;1;-;-;-;15;4;3;-;-;2;-;-;-;2;-;33
"410960 Guaratuba";11;37;2;10;3;6;-;-;69;26;14;-;-;-;-;3;-;9;29;219
"410965 Honório Serpa";3;5;-;3;-;1;-;-;8;3;1;-;-;1;-;1;-;-;1;27
"410970 Ibaiti";5;41;-;10;2;5;-;-;84;35;18;-;-;9;-;3;-;14;19;245
"410975 Ibema";-;11;-;2;-;-;-;-;16;1;2;-;-;-;-;-;-;2;4;38
"410980 Ibiporã";16;83;2;30;1;15;-;-;84;70;19;2;2;6;-;3;4;7;47;391
"410990 Icaraíma";-;6;-;3;-;-;-;-;27;17;5;-;-;-;-;-;-;6;8;72
"411000 Iguaraçu";-;5;1;2;-;-;-;-;5;3;2;-;-;-;-;-;1;4;3;26
"411005 Iguatu";-;3;-;1;-;1;-;-;8;2;1;-;-;1;-;-;-;-;-;17
"411007 Imbaú";2;11;-;5;-;1;-;-;21;17;4;-;-;3;-;1;1;2;10;78
"411010 Imbituva";7;25;1;17;-;8;-;-;54;27;7;-;1;4;-;3;-;5;27;186
"411020 Inácio Martins";3;15;1;5;2;1;-;-;17;14;3;-;-;1;-;3;1;9;7;82
"411030 Inajá";1;4;-;-;-;-;-;-;8;4;-;-;-;-;-;-;1;3;4;25
"411040 Indianópolis";1;6;-;2;-;2;-;-;17;4;-;-;1;-;-;-;-;-;6;39
"411050 Ipiranga";3;14;-;4;3;1;-;-;25;7;8;1;-;1;-;1;1;17;7;93
"411060 Iporã";5;34;1;13;-;2;-;-;33;13;6;-;-;2;-;1;4;13;10;137
"411065 Iracema do Oeste";-;2;-;1;-;-;-;-;2;2;1;-;-;-;-;-;-;-;1;9
"411070 Irati";13;84;-;13;3;10;-;-;136;65;22;1;-;4;-;5;3;24;36;419
"411080 Iretama";1;9;-;5;2;-;-;-;26;9;4;-;-;-;-;2;1;2;12;73
"411090 Itaguajé";3;2;2;1;-;3;-;-;17;3;1;1;-;1;-;1;-;-;5;40
"411095 Itaipulândia";1;18;-;1;1;3;-;-;20;6;-;-;1;-;-;1;-;3;8;63
"411100 Itambaracá";-;11;-;7;1;1;-;-;27;7;2;-;-;-;-;1;1;-;10;68
"411110 Itambé";2;13;-;1;1;1;-;-;8;11;2;-;-;1;-;1;-;4;9;54
"411120 Itapejara d'Oeste";2;17;-;4;-;2;-;-;20;9;8;-;-;1;-;-;1;3;8;75
"411125 Itaperuçu";5;22;-;12;3;6;-;-;44;21;10;-;-;-;-;4;2;5;29;163
"411130 Itaúna do Sul";-;7;-;2;-;-;-;-;6;3;-;-;-;1;-;2;1;3;1;26
"411140 Ivaí";-;8;-;1;-;1;-;1;8;10;4;-;-;-;-;1;2;22;11;69
"411150 Ivaiporã";12;38;-;17;1;12;-;-;89;37;13;1;-;6;-;2;1;30;34;293
"411155 Ivaté";2;8;-;3;2;-;-;-;15;7;1;-;-;-;-;1;-;7;5;51
"411160 Ivatuba";-;4;-;-;-;-;-;-;7;4;-;-;-;-;-;-;-;-;2;17
"411170 Jaboti";1;9;1;2;-;1;-;-;12;4;1;-;-;-;-;-;1;1;4;37
"411180 Jacarezinho";11;49;1;27;9;4;-;-;112;30;20;-;4;5;1;1;1;7;34;316
"411190 Jaguapitã";7;16;-;10;2;4;-;-;25;14;5;-;-;5;-;1;1;2;14;106
"411200 Jaguariaíva";3;29;2;7;2;1;-;-;56;23;14;-;-;9;-;2;3;31;25;207
"411210 Jandaia do Sul";1;27;3;10;4;6;-;-;59;13;8;2;1;3;-;2;1;3;21;164
"411220 Janiópolis";5;10;-;5;-;3;-;-;26;3;4;-;-;3;-;-;-;-;17;76
"411230 Japira";1;7;-;2;-;-;-;-;7;6;2;-;-;-;1;-;1;-;5;32
"411240 Japurá";2;7;-;4;-;1;-;-;23;6;4;-;1;1;-;-;-;-;7;56
"411250 Jardim Alegre";2;16;1;4;2;2;-;-;34;22;6;1;-;1;-;1;-;3;7;102
"411260 Jardim Olinda";-;1;-;1;-;-;-;-;1;3;4;-;-;-;-;1;-;-;1;12
"411270 Jataizinho";-;19;1;10;3;6;-;-;26;15;5;1;1;2;-;-;-;1;12;102
"411275 Jesuítas";1;19;-;3;-;2;-;-;24;3;2;-;-;-;-;-;-;1;9;64
"411280 Joaquim Távora";4;9;-;5;1;1;-;-;34;10;3;-;-;2;-;1;2;2;15;89
"411290 Jundiaí do Sul";3;4;-;-;-;-;-;-;5;3;2;-;-;2;-;-;1;3;-;23
"411295 Juranda";-;11;-;1;1;-;-;-;28;4;2;-;-;-;-;1;1;4;7;60
"411300 Jussara";3;10;1;3;1;-;-;-;15;4;4;-;-;-;-;-;1;1;7;50
"411310 Kaloré";-;9;-;5;-;-;-;-;15;6;2;-;-;1;-;-;-;-;7;45
"411320 Lapa";10;66;-;15;6;8;-;-;83;56;8;1;2;1;-;2;-;7;31;296
"411325 Laranjal";-;3;1;-;1;-;-;-;16;2;1;-;1;1;-;-;-;-;6;32
"411330 Laranjeiras do Sul";3;49;1;17;7;4;-;-;61;51;11;-;1;2;-;3;1;2;29;242
"411340 Leópolis";-;11;-;-;-;1;-;-;8;3;1;-;-;1;-;-;1;-;6;32
"411342 Lidianópolis";-;7;-;1;-;1;-;-;15;5;1;-;-;-;-;2;1;3;4;40
"411345 Lindoeste";3;5;-;4;2;-;-;-;13;4;2;-;-;-;-;-;-;3;10;46
"411350 Loanda";10;21;-;8;1;4;-;-;58;14;13;-;-;5;-;-;2;9;14;159
"411360 Lobato";-;7;-;2;-;2;-;-;7;5;4;-;2;1;-;1;-;-;3;34
"411370 Londrina";112;698;24;413;61;170;-;-;888;334;179;2;16;46;1;47;34;35;397;3457
"411373 Luiziana";3;7;-;7;-;-;-;-;14;12;1;-;-;2;-;-;-;2;5;53
"411375 Lunardelli";1;5;-;3;-;4;-;-;10;5;2;-;-;-;-;-;3;2;-;35
"411380 Lupionópolis";1;5;-;5;2;1;-;-;18;4;4;-;-;2;-;-;-;2;6;50
"411390 Mallet";2;19;1;8;-;1;-;-;39;11;6;-;-;1;-;-;-;5;7;100
"411400 Mamborê";2;16;1;2;-;2;-;-;33;12;9;-;-;4;1;1;1;1;9;94
"411410 Mandaguaçu";3;22;1;12;-;3;-;-;37;16;5;-;2;2;-;2;2;3;13;123
"411420 Mandaguari";5;28;2;25;5;7;-;-;74;30;20;1;2;8;-;7;-;14;20;248
"411430 Mandirituba";7;25;1;11;3;4;-;-;57;19;10;-;-;2;1;2;3;5;11;161
"411435 Manfrinópolis";-;4;-;2;1;1;-;-;5;-;1;-;-;1;-;-;-;2;1;18
"411440 Mangueirinha";5;22;1;9;-;1;-;1;37;6;7;-;-;1;1;-;1;3;17;112
"411450 Manoel Ribas";6;14;1;7;1;1;-;-;19;16;4;-;-;1;-;2;-;24;14;110
"411460 Marechal Cândido Rondon";4;61;1;20;5;7;-;-;99;48;18;-;3;9;-;3;2;7;27;314
"411470 Maria Helena";1;5;-;1;1;2;-;-;17;7;1;-;1;-;-;1;-;3;3;43
"411480 Marialva";3;55;1;14;3;12;-;-;59;25;12;-;1;4;-;2;1;2;26;220
"411490 Marilândia do Sul";1;9;-;5;1;1;-;-;34;7;3;-;-;1;-;1;1;1;8;73
"411500 Marilena";1;8;-;3;-;2;-;-;21;3;2;-;-;3;-;-;1;5;3;52
"411510 Mariluz";2;10;-;13;-;-;-;-;28;14;7;-;-;1;-;-;1;9;7;92
"411520 Maringá";66;430;6;131;19;102;-;-;564;228;129;4;30;78;3;24;19;39;256;2128
"411530 Mariópolis";2;13;1;-;1;1;-;-;12;10;2;-;1;2;-;1;-;2;6;54
"411535 Maripá";1;8;1;2;-;2;-;-;14;6;2;-;1;-;-;-;-;1;2;40
"411540 Marmeleiro";-;13;-;6;-;3;-;-;35;8;4;-;1;1;-;2;-;2;5;80
"411545 Marquinho";-;3;-;2;-;-;-;-;5;8;-;-;-;-;-;2;-;5;-;25
"411550 Marumbi";-;8;1;3;1;-;-;-;8;4;3;-;-;1;-;-;-;2;8;39
"411560 Matelândia";3;16;-;12;-;1;-;1;27;13;7;-;-;-;-;3;1;10;12;106
"411570 Matinhos";13;29;1;20;5;2;-;-;43;22;7;-;-;2;-;4;1;24;19;192
"411573 Mato Rico";-;1;-;3;-;-;-;-;7;4;1;-;-;1;-;-;-;-;3;20
"411575 Mauá da Serra";-;9;-;5;1;3;-;-;22;7;4;-;-;1;-;-;-;1;12;65
"411580 Medianeira";7;40;1;11;2;10;-;-;65;21;18;-;2;7;-;4;2;7;33;230
"411585 Mercedes";-;12;-;2;-;1;-;-;15;8;2;-;-;2;-;-;-;-;5;47
"411590 Mirador";-;1;-;4;-;-;-;-;7;1;1;-;-;1;-;1;-;-;-;16
"411600 Miraselva";2;3;-;3;1;-;-;-;4;3;1;-;-;-;-;-;-;-;1;18
"411605 Missal";1;14;-;5;-;1;-;-;20;7;-;-;-;1;-;1;1;11;5;67
"411610 Moreira Sales";3;16;-;8;1;3;-;-;28;12;6;-;-;1;-;3;2;4;12;99
"411620 Morretes";8;35;-;12;-;5;-;-;32;12;8;-;2;2;-;1;-;11;13;141
"411630 Munhoz de Melo";-;14;-;-;-;-;-;-;5;3;1;-;-;1;1;-;-;1;3;29
"411640 Nossa Senhora das Graças";-;5;-;4;-;-;-;-;6;5;-;-;-;1;-;-;-;2;5;28
"411650 Nova Aliança do Ivaí";-;1;-;-;-;-;-;-;3;-;1;-;-;-;-;1;-;1;-;7
"411660 Nova América da Colina";-;6;-;2;1;1;-;-;4;6;2;-;-;-;-;-;-;2;4;28
"411670 Nova Aurora";2;15;-;4;2;3;-;-;39;6;2;-;1;2;-;-;-;-;6;82
"411680 Nova Cantu";-;7;-;3;-;1;-;-;11;3;1;-;-;-;-;-;-;3;4;33
"411690 Nova Esperança";4;37;2;14;-;11;-;-;47;12;15;-;2;5;-;2;-;14;18;183
"411695 Nova Esperança do Sudoeste";1;4;-;1;-;-;-;-;13;4;-;1;-;-;-;1;-;3;4;32
"411700 Nova Fátima";2;11;-;5;1;2;-;-;23;6;1;-;-;1;-;-;-;3;7;62
"411705 Nova Laranjeiras";1;11;-;5;2;1;-;-;16;4;2;-;1;-;-;-;2;14;16;75
"411710 Nova Londrina";1;19;1;7;1;-;-;-;35;8;7;-;-;2;-;-;1;14;6;102
"411720 Nova Olímpia";3;6;-;1;-;-;-;-;18;11;1;-;-;1;-;2;-;7;1;51
"411725 Nova Prata do Iguaçu";2;13;-;1;2;2;-;-;28;6;3;-;-;2;-;-;-;4;7;70
"411721 Nova Santa Bárbara";2;6;-;2;2;-;-;-;15;4;1;-;-;1;-;1;-;-;7;41
"411722 Nova Santa Rosa";2;16;-;2;-;6;-;-;25;6;6;-;-;1;-;1;-;2;5;72
"411727 Nova Tebas";1;5;-;5;2;1;-;-;19;5;4;-;1;-;1;-;1;2;9;56
"411729 Novo Itacolomi";-;6;-;1;-;1;-;-;7;1;3;-;-;1;-;-;-;-;3;23
"411730 Ortigueira";3;26;1;14;2;5;-;-;53;24;4;1;-;3;-;-;2;5;31;174
"411740 Ourizona";-;2;1;1;-;-;-;-;7;3;3;-;-;1;-;-;-;1;3;22
"411745 Ouro Verde do Oeste";-;8;-;1;-;-;-;-;15;5;-;-;-;1;-;2;1;4;5;42
"411750 Paiçandu";9;41;1;15;8;7;-;-;75;22;16;-;1;2;-;1;1;10;45;254
"411760 Palmas";11;48;4;12;3;8;-;-;58;30;7;-;-;3;-;12;5;25;39;265
"411770 Palmeira";6;51;-;8;2;6;-;-;75;26;7;-;-;2;-;4;2;28;28;245
"411780 Palmital";4;15;-;4;1;3;-;-;35;12;2;-;-;1;-;1;2;6;15;101
"411790 Palotina";9;46;-;12;-;7;-;-;58;19;6;-;-;2;1;2;2;3;20;187
"411800 Paraíso do Norte";1;16;-;11;2;3;-;-;31;5;8;-;-;2;-;3;1;3;14;100
"411810 Paranacity";-;10;1;7;-;1;-;-;14;7;3;-;3;3;1;2;-;2;18;72
"411820 Paranaguá";54;175;1;60;9;13;-;-;253;95;56;2;2;16;1;8;4;51;98;898
"411830 Paranapoema";-;4;-;1;-;-;-;-;7;4;3;-;-;-;-;-;-;2;1;22
"411840 Paranavaí";22;96;2;34;13;22;-;-;190;58;39;-;2;14;2;3;5;12;69;583
"411845 Pato Bragado";1;13;-;1;-;-;-;-;12;5;2;-;-;-;-;-;-;2;5;41
"411850 Pato Branco";7;95;3;27;8;19;-;-;114;49;23;1;3;4;1;12;3;21;46;436
"411860 Paula Freitas";2;8;-;3;1;-;-;-;7;3;2;-;1;-;-;-;-;-;4;31
"411870 Paulo Frontin";-;20;-;1;-;2;-;-;31;4;-;-;-;2;-;-;-;6;5;71
"411880 Peabiru";3;16;-;8;1;1;-;-;39;23;12;-;1;3;1;2;-;2;11;123
"411885 Perobal";1;6;-;1;-;5;-;-;11;2;1;-;-;-;-;-;-;1;3;31
"411890 Pérola";4;12;-;8;1;5;-;-;48;5;4;-;-;1;-;-;-;5;11;104
"411900 Pérola d'Oeste";2;8;-;3;-;3;-;-;19;7;4;-;-;2;-;-;-;4;2;54
"411910 Piên";1;15;-;3;6;2;-;-;16;6;1;-;1;2;-;-;2;-;12;67
"411915 Pinhais";38;137;4;62;12;29;-;-;187;89;22;3;6;14;-;10;9;33;114;769
"411925 Pinhal de São Bento";-;2;-;1;1;-;-;-;4;1;1;-;-;-;-;-;1;1;1;13
"411920 Pinhalão";3;10;1;7;-;4;-;-;19;2;1;-;-;2;-;1;-;4;2;56
"411930 Pinhão";3;24;1;8;4;5;-;-;60;21;8;-;-;4;-;9;3;-;23;173
"411940 Piraí do Sul";3;44;-;6;2;-;-;-;38;16;5;-;1;5;1;-;-;20;18;159
"411950 Piraquara";31;64;4;59;11;13;-;-;157;55;34;1;1;16;1;13;3;15;114;592
"411960 Pitanga";6;29;1;14;5;5;-;-;67;33;12;-;1;3;-;-;3;12;31;222
"411965 Pitangueiras";-;3;-;-;-;-;-;-;10;2;-;-;-;2;-;-;-;2;4;23
"411970 Planaltina do Paraná";-;2;1;4;-;1;-;-;11;2;2;-;-;-;-;-;-;-;6;29
"411980 Planalto";1;18;-;8;2;2;-;-;35;5;6;-;-;1;-;-;1;2;9;90
"411990 Ponta Grossa";59;455;14;150;57;82;-;-;575;262;115;-;14;48;4;30;18;85;215;2183
"411995 Pontal do Paraná";6;23;-;5;1;5;-;-;43;12;3;-;-;4;-;5;2;34;15;158
"412000 Porecatu";3;17;-;14;1;3;-;-;40;10;7;-;1;3;-;-;-;2;8;109
"412010 Porto Amazonas";1;10;-;2;-;1;-;-;12;3;1;-;-;2;-;1;-;2;3;38
"412015 Porto Barreiro";-;3;-;2;-;1;-;-;4;3;3;-;-;-;-;-;-;1;4;21
"412020 Porto Rico";-;2;-;2;1;1;-;-;6;1;1;-;-;1;-;-;1;-;6;22
"412030 Porto Vitória";-;5;-;4;1;2;-;-;12;4;-;-;-;1;-;-;-;4;2;35
"412033 Prado Ferreira";1;3;-;6;-;1;-;-;8;4;1;-;-;1;-;-;-;-;5;30
"412035 Pranchita";2;11;-;2;-;-;-;-;17;3;3;-;-;-;-;1;1;14;2;56
"412040 Presidente Castelo Branco";1;9;-;3;-;2;-;-;12;1;5;-;-;1;-;1;1;1;6;43
"412050 Primeiro de Maio";4;15;-;5;1;1;-;-;28;13;5;-;-;5;-;2;-;1;7;87
"412060 Prudentópolis";4;85;1;22;6;12;-;-;125;47;12;1;3;10;-;2;4;12;43;389
"412065 Quarto Centenário";-;7;-;4;-;-;-;-;11;3;2;-;-;-;-;2;-;1;4;34
"412070 Quatiguá";3;10;-;2;-;1;-;-;25;8;-;-;-;-;-;1;-;-;6;56
"412080 Quatro Barras";12;24;-;8;2;1;-;-;36;15;5;-;3;2;1;5;4;1;17;136
"412085 Quatro Pontes";2;6;-;1;1;-;-;-;8;2;-;-;-;-;-;-;-;-;5;25
"412090 Quedas do Iguaçu";3;31;-;10;-;4;-;-;51;20;15;-;-;1;-;3;2;5;35;180
"412100 Querência do Norte";1;12;-;7;2;3;-;-;33;9;6;-;-;-;-;3;1;1;10;88
"412110 Quinta do Sol";2;7;-;2;-;-;-;-;6;5;2;-;-;1;1;1;-;2;7;36
"412120 Quitandinha";3;23;1;5;-;3;-;-;37;17;5;-;1;1;-;2;-;6;13;117
"412125 Ramilândia";-;1;-;3;-;-;-;-;6;3;-;-;1;-;-;1;2;2;6;25
"412130 Rancho Alegre";-;7;-;1;1;2;-;-;7;4;3;-;-;-;-;-;-;1;-;26
"412135 Rancho Alegre D'Oeste";1;1;-;-;-;-;-;-;7;1;3;1;-;1;-;-;-;1;1;17
"412140 Realeza";3;22;-;8;4;7;-;-;23;12;7;-;1;1;-;5;3;7;18;121
"412150 Rebouças";2;23;-;9;2;-;-;-;33;9;6;-;1;1;-;2;1;-;8;97
"412160 Renascença";-;11;-;1;-;2;-;-;14;4;6;1;-;-;-;1;1;-;3;44
"412170 Reserva";1;18;2;12;1;4;-;-;65;12;2;1;-;-;-;3;3;4;22;150
"412175 Reserva do Iguaçu";-;7;-;1;-;1;-;-;8;2;2;-;-;-;-;-;-;1;4;26
"412180 Ribeirão Claro";2;18;1;5;2;-;-;-;31;7;6;-;-;3;-;-;-;3;3;81
"412190 Ribeirão do Pinhal";6;11;-;3;2;1;-;-;41;15;9;-;1;2;-;-;-;9;11;111
"412200 Rio Azul";4;16;1;5;2;-;-;-;36;14;5;-;-;-;-;3;2;-;10;98
"412210 Rio Bom";2;4;-;-;-;1;-;-;13;3;1;-;-;1;-;-;-;1;3;29
"412215 Rio Bonito do Iguaçu";2;12;-;3;-;2;-;-;16;11;2;-;1;-;1;4;2;5;24;85
"412217 Rio Branco do Ivaí";1;9;-;-;-;2;-;-;10;-;-;-;-;1;-;-;-;-;3;26
"412220 Rio Branco do Sul";6;26;-;13;1;5;-;-;66;30;14;-;1;3;-;7;1;3;27;203
"412230 Rio Negro";2;52;-;9;6;8;-;-;57;27;12;3;1;5;2;3;2;10;16;215
"412240 Rolândia";11;79;1;25;6;15;1;-;138;53;22;2;2;8;2;8;10;12;59;454
"412250 Roncador";3;18;-;2;2;2;-;-;43;15;4;-;-;1;-;2;-;1;10;103
"412260 Rondon";4;14;-;4;2;1;-;-;30;5;3;-;-;-;-;-;-;-;6;69
"412265 Rosário do Ivaí";2;6;-;3;-;-;-;-;16;4;-;-;-;1;-;1;3;4;4;44
"412270 Sabáudia";-;9;-;5;-;-;-;-;17;6;3;-;-;-;-;1;1;1;3;46
"412280 Salgado Filho";-;5;-;1;-;2;-;-;13;6;-;-;-;1;-;-;-;1;3;32
"412290 Salto do Itararé";5;5;-;10;2;3;-;-;12;3;2;-;2;1;-;1;1;1;5;53
"412300 Salto do Lontra";6;14;-;6;1;-;-;-;23;7;1;-;-;2;-;1;1;2;8;72
"412310 Santa Amélia";2;6;-;4;-;-;-;-;8;3;1;-;-;-;-;-;-;2;5;31
"412320 Santa Cecília do Pavão";1;9;-;4;1;1;-;-;8;3;3;-;-;3;-;-;-;1;3;37
"412330 Santa Cruz de Monte Castelo";1;4;1;4;1;1;-;-;24;7;2;-;1;1;-;-;-;1;6;54
"412340 Santa Fé";3;16;-;4;2;3;-;-;27;15;3;-;-;1;-;1;-;3;9;87
"412350 Santa Helena";3;46;-;8;3;3;-;-;45;17;7;1;-;3;-;-;2;9;26;173
"412360 Santa Inês";-;2;-;1;-;-;-;-;7;1;2;-;-;-;-;-;-;-;-;13
"412370 Santa Isabel do Ivaí";2;7;-;6;-;3;-;-;34;9;4;-;-;-;-;-;-;5;12;82
"412380 Santa Izabel do Oeste";5;19;-;7;-;1;-;-;22;12;5;-;-;4;-;-;-;2;10;87
"412382 Santa Lúcia";1;5;2;-;1;-;-;-;13;4;2;-;-;-;-;-;-;2;3;33
"412385 Santa Maria do Oeste";-;12;-;9;1;1;-;-;19;8;3;-;-;1;-;-;-;4;7;65
"412390 Santa Mariana";4;15;-;2;2;6;-;-;41;10;12;1;-;3;-;4;-;2;16;118
"412395 Santa Mônica";-;3;1;2;-;1;-;-;10;2;-;-;-;-;-;-;-;-;3;22
"412402 Santa Tereza do Oeste";1;11;1;2;-;1;-;-;34;5;1;-;-;1;-;2;1;3;7;70
"412405 Santa Terezinha de Itaipu";1;28;-;6;-;2;-;-;37;9;5;-;1;3;-;2;1;4;23;122
"412400 Santana do Itararé";3;5;-;2;-;-;-;-;16;8;3;-;-;2;-;1;-;2;4;46
"412410 Santo Antônio da Platina";15;43;1;23;9;16;-;-;123;53;16;1;1;7;-;4;1;9;28;350
"412420 Santo Antônio do Caiuá";1;1;-;4;1;-;-;-;9;2;3;-;-;2;-;-;-;-;2;25
"412430 Santo Antônio do Paraíso";2;-;-;-;1;1;-;-;5;-;2;-;-;1;-;-;-;2;-;14
"412440 Santo Antônio do Sudoeste";8;26;-;11;1;3;-;-;32;12;4;-;-;-;-;2;-;4;9;112
"412450 Santo Inácio";-;10;-;1;-;1;-;-;10;3;2;-;-;-;-;1;2;1;4;35
"412460 São Carlos do Ivaí";3;8;-;4;2;1;-;-;16;8;3;-;-;3;-;-;-;2;2;52
"412470 São Jerônimo da Serra";2;14;2;3;2;3;-;-;17;3;4;-;-;1;-;1;1;4;11;68
"412480 São João";1;18;-;4;-;2;-;-;23;5;4;-;1;3;-;-;-;2;7;70
"412490 São João do Caiuá";2;7;-;4;1;-;-;-;17;7;7;-;-;5;-;1;1;4;5;61
"412500 São João do Ivaí";-;16;-;7;2;1;-;-;25;7;7;-;-;2;-;-;-;12;12;91
"412510 São João do Triunfo";1;19;-;3;2;2;-;-;16;7;-;-;-;-;-;-;-;5;10;65
"412520 São Jorge d'Oeste";1;18;-;4;-;4;-;-;35;13;3;-;-;1;-;-;-;3;8;90
"412530 São Jorge do Ivaí";2;3;-;5;1;-;-;-;10;4;3;-;1;-;-;-;-;1;8;38
"412535 São Jorge do Patrocínio";1;14;-;4;-;-;-;-;8;8;2;-;1;1;-;-;-;7;10;56
"412540 São José da Boa Vista";3;4;-;5;2;1;-;-;14;2;2;-;-;1;-;-;2;3;10;49
"412545 São José das Palmeiras";-;4;-;4;-;1;-;-;10;6;4;-;-;1;-;-;-;-;5;35
"412550 São José dos Pinhais";69;271;6;107;19;50;-;-;378;154;92;1;6;36;-;20;16;68;247;1540
"412555 São Manoel do Paraná";-;2;-;1;-;-;-;-;6;4;1;-;-;-;-;-;-;-;-;14
"412560 São Mateus do Sul";7;44;2;8;5;8;-;-;50;25;7;-;1;2;1;1;2;26;34;223
"412570 São Miguel do Iguaçu";5;33;2;10;2;7;-;-;36;19;7;-;1;4;-;3;2;6;23;160
"412575 São Pedro do Iguaçu";1;12;-;-;2;1;-;-;15;6;3;-;-;1;-;1;-;6;7;55
"412580 São Pedro do Ivaí";2;11;-;7;2;-;-;-;18;9;1;-;-;-;-;1;-;1;9;61
"412590 São Pedro do Paraná";-;2;1;1;-;-;-;-;10;1;-;-;-;-;-;2;-;-;1;18
"412600 São Sebastião da Amoreira";3;10;1;6;1;4;-;-;24;3;5;1;-;2;-;-;1;2;11;74
"412610 São Tomé";1;9;-;4;-;-;-;-;7;8;4;-;-;-;-;1;1;1;4;40
"412620 Sapopema";-;7;-;2;-;1;-;-;23;9;3;-;-;-;-;2;-;3;6;56
"412625 Sarandi";19;77;-;35;9;12;-;-;179;50;32;1;2;14;-;16;3;13;93;555
"412627 Saudade do Iguaçu";-;8;1;1;-;2;-;-;5;4;3;-;-;-;-;-;1;5;2;32
"412630 Sengés";8;9;-;9;5;3;-;-;30;6;8;-;-;2;-;-;1;10;6;97
"412635 Serranópolis do Iguaçu";-;9;-;3;-;1;-;-;6;3;-;-;-;1;-;-;-;1;7;31
"412640 Sertaneja";1;11;1;5;-;-;-;-;16;5;4;-;-;4;-;-;-;-;5;52
"412650 Sertanópolis";6;17;2;6;2;7;-;-;33;15;9;1;1;3;-;-;2;5;14;123
"412660 Siqueira Campos";12;26;-;11;-;2;-;-;47;16;6;-;1;1;-;2;-;5;21;150
"412665 Sulina";1;9;-;-;2;1;-;-;5;4;5;-;-;-;-;-;1;1;5;34
"412667 Tamarana";3;13;-;3;1;2;-;-;14;10;5;-;-;1;-;1;-;1;9;63
"412670 Tamboara";3;5;-;1;-;1;-;-;15;5;3;-;-;1;-;1;-;6;8;49
"412680 Tapejara";1;14;1;3;1;3;-;-;33;14;6;-;1;3;1;3;1;1;10;96
"412690 Tapira";3;6;-;1;-;-;-;-;16;6;3;-;-;1;-;1;-;2;7;46
"412700 Teixeira Soares";-;14;-;3;2;1;-;-;23;9;3;-;-;-;-;-;1;2;7;65
"412710 Telêmaco Borba";22;66;2;33;7;17;-;-;126;78;20;1;4;7;-;7;4;28;61;483
"412720 Terra Boa";2;11;1;9;1;3;-;-;47;17;8;-;-;4;-;2;-;1;12;118
"412730 Terra Rica";6;14;-;3;-;1;-;-;49;10;4;-;-;4;-;2;1;2;16;112
"412740 Terra Roxa";2;20;3;4;-;1;-;-;38;13;5;1;-;1;-;2;3;17;21;131
"412750 Tibagi";2;24;1;11;-;2;-;-;29;10;8;-;-;2;-;-;1;20;16;126
"412760 Tijucas do Sul";4;16;-;10;-;1;-;-;28;20;9;-;1;1;-;2;-;4;19;115
"412770 Toledo";25;132;3;25;10;24;-;-;201;101;35;-;2;13;-;13;5;26;89;704
"412780 Tomazina";3;13;1;6;-;1;-;-;23;7;5;-;-;1;-;-;-;1;7;68
"412785 Três Barras do Paraná";1;14;1;6;-;3;-;-;21;4;7;-;-;2;-;-;-;-;10;69
"412788 Tunas do Paraná";1;1;-;4;-;-;-;-;13;5;2;-;-;2;-;-;-;3;4;35
"412790 Tuneiras do Oeste";2;9;-;2;-;1;-;-;26;5;4;-;-;1;-;1;-;1;4;56
"412795 Tupãssi";1;10;-;1;-;4;-;-;21;4;1;-;-;1;-;-;-;3;8;54
"412796 Turvo";-;14;1;9;-;-;-;-;28;12;1;-;-;3;-;2;-;7;10;87
"412800 Ubiratã";5;25;1;5;2;3;-;-;71;21;11;-;-;4;-;1;2;5;27;183
"412810 Umuarama";34;109;1;46;5;22;-;-;168;88;24;-;-;21;-;6;7;78;91;700
"412820 União da Vitória";5;82;1;34;2;13;-;-;120;24;20;-;1;4;-;4;2;12;40;364
"412830 Uniflor";-;1;-;-;-;1;-;-;5;2;-;-;-;-;-;-;-;-;1;10
"412840 Uraí";-;22;-;10;-;3;-;-;37;11;6;-;1;-;-;-;-;2;8;100
"412853 Ventania";1;11;-;5;-;2;-;-;26;8;2;-;-;1;-;1;1;3;6;67
"412855 Vera Cruz do Oeste";-;12;-;1;-;3;-;-;20;8;3;-;1;1;-;-;-;-;14;63
"412860 Verê";1;13;-;2;-;1;-;-;17;9;1;-;-;1;-;1;-;-;6;52
"412865 Virmond";1;6;-;1;-;-;-;-;11;3;-;-;1;-;-;1;-;-;-;24
"412870 Vitorino";2;7;-;1;-;1;-;-;6;3;6;-;-;-;-;1;-;6;1;34
"412850 Wenceslau Braz";6;26;1;16;1;3;-;-;62;17;15;-;-;10;1;1;1;15;19;194
"412880 Xambrê";2;6;-;2;-;1;-;-;18;5;2;-;-;-;-;-;1;8;3;48
"410000 Município ignorado - PR";2;1;-;-;1;-;-;-;13;3;6;-;-;-;-;1;1;36;129;193
"420005 Abdon Batista";-;1;-;1;-;-;-;-;3;-;-;-;-;-;-;1;1;-;3;10
"420010 Abelardo Luz";1;29;1;8;1;2;-;-;15;18;3;-;-;-;-;2;-;2;14;96
"420020 Agrolândia";-;12;-;3;1;1;-;-;14;10;2;-;-;2;-;2;-;8;13;68
"420030 Agronômica";1;8;-;2;-;2;-;-;9;3;2;1;-;1;-;-;-;-;6;35
"420040 Água Doce";-;15;-;3;1;4;-;-;8;4;1;-;-;1;-;1;-;3;3;44
"420050 Águas de Chapecó";-;8;-;2;-;3;-;-;11;7;1;-;1;2;-;-;-;1;3;39
"420055 Águas Frias";-;4;-;-;1;1;-;-;8;-;1;-;-;1;-;-;-;-;4;20
"420060 Águas Mornas";-;7;-;-;-;-;-;-;11;4;2;-;-;-;-;1;-;2;4;31
"420070 Alfredo Wagner";1;9;-;4;-;1;-;-;18;7;1;-;-;-;-;2;-;5;9;57
"420075 Alto Bela Vista";2;1;-;-;-;1;-;-;4;2;1;-;-;1;-;-;-;-;1;13
"420080 Anchieta";-;8;-;1;-;1;-;-;13;5;2;-;-;3;-;1;-;3;12;49
"420090 Angelina";-;11;1;4;-;3;-;-;18;5;2;-;-;1;-;-;-;2;-;47
"420100 Anita Garibaldi";2;15;-;6;1;2;-;-;24;9;1;-;-;1;-;2;-;3;6;72
"420110 Anitápolis";-;5;-;1;-;-;-;-;6;-;-;-;-;2;-;-;-;-;6;20
"420120 Antônio Carlos";3;8;-;4;-;1;-;-;16;7;1;-;-;1;-;-;-;-;5;46
"420125 Apiúna";2;3;-;5;1;1;-;-;17;4;5;-;-;2;-;1;-;5;11;57
"420127 Arabutã";-;8;-;2;-;2;-;-;8;3;-;-;-;1;-;-;-;1;1;26
"420130 Araquari";6;19;-;7;1;-;-;-;24;11;8;-;1;1;-;-;5;4;15;102
"420140 Araranguá";15;65;1;15;3;5;-;-;109;33;23;1;2;9;-;9;-;26;41;357
"420150 Armazém";1;10;-;5;-;1;-;-;14;6;5;-;-;1;-;1;1;-;6;51
"420160 Arroio Trinta";-;7;-;1;-;-;-;-;7;1;3;-;-;-;-;-;1;1;1;22
"420165 Arvoredo";-;5;-;-;-;1;-;-;6;-;-;1;-;-;-;-;-;1;2;16
"420170 Ascurra";1;14;-;5;-;-;-;-;16;4;3;-;-;2;-;-;-;8;5;58
"420180 Atalanta";-;10;1;3;-;-;-;-;4;-;-;-;2;-;-;-;1;-;3;24
"420190 Aurora";-;13;-;5;-;-;-;-;15;8;1;-;-;2;-;1;-;2;4;51
"420195 Balneário Arroio do Silva";3;17;-;5;2;-;-;-;24;5;5;-;1;-;-;-;1;3;7;73
"420205 Balneário Barra do Sul";3;12;2;9;1;-;-;-;22;5;3;-;-;-;-;-;-;3;7;67
"420200 Balneário Camboriú";40;119;3;26;1;22;-;-;123;70;32;2;1;18;-;3;4;24;78;566
"420207 Balneário Gaivota";2;11;-;3;-;1;-;-;11;2;4;-;-;2;-;-;-;6;5;47
"421280 Balneário Piçarras";3;14;-;16;2;2;-;-;26;8;6;-;-;3;-;1;1;-;15;97
"422000 Balneário Rincão";2;10;-;3;-;2;-;-;26;7;5;-;-;-;-;-;-;-;11;66
"420208 Bandeirante";-;7;1;2;1;1;-;-;7;3;-;-;-;1;-;1;-;-;1;25
"420209 Barra Bonita";1;4;-;1;-;-;-;-;4;1;-;-;-;-;-;-;-;-;5;16
"420210 Barra Velha";7;23;-;4;-;-;-;-;38;15;7;1;-;-;-;1;1;5;27;129
"420213 Bela Vista do Toldo";1;5;-;2;1;-;-;-;10;7;2;-;-;-;-;1;-;3;3;35
"420215 Belmonte";-;5;-;-;-;-;-;-;5;-;1;-;-;-;-;-;-;1;2;14
"420220 Benedito Novo";1;15;1;6;-;2;-;-;24;9;3;-;-;2;-;-;-;7;11;81
"420230 Biguaçu";22;80;1;9;1;6;-;-;104;38;22;1;-;4;-;5;2;4;50;349
"420240 Blumenau";58;417;4;81;18;55;-;-;428;160;80;1;11;45;1;22;21;34;191;1627
"420243 Bocaina do Sul";2;5;-;3;1;-;-;-;3;-;1;-;-;-;-;1;-;1;5;22
"420250 Bom Jardim da Serra";2;4;-;1;-;1;-;-;7;2;1;-;-;1;-;-;1;3;3;26
"420253 Bom Jesus";-;2;-;1;-;-;-;-;3;1;5;-;-;1;-;-;-;-;1;14
"420257 Bom Jesus do Oeste";-;3;1;1;-;-;-;-;7;1;-;-;-;-;-;-;-;-;2;15
"420260 Bom Retiro";1;6;-;4;1;2;-;-;9;4;3;-;-;1;-;1;1;1;13;47
"420245 Bombinhas";1;16;-;6;-;1;-;-;19;2;3;-;-;1;1;1;2;2;7;62
"420270 Botuverá";-;8;-;1;-;1;-;-;15;2;2;-;-;1;-;-;1;3;4;38
"420280 Braço do Norte";1;21;-;11;3;10;-;-;34;19;4;-;-;4;-;2;-;4;20;133
"420285 Braço do Trombudo";1;6;-;1;-;2;-;-;15;6;1;-;-;1;-;-;-;1;2;36
"420287 Brunópolis";-;4;-;1;-;1;-;-;3;1;-;-;1;1;-;1;-;2;3;18
"420290 Brusque";23;101;3;51;6;12;-;-;181;45;24;-;1;15;-;11;6;16;67;562
"420300 Caçador";19;69;2;25;2;10;-;-;149;72;24;-;1;19;-;7;6;38;48;491
"420310 Caibi";1;4;1;3;-;1;-;-;19;6;2;-;1;1;-;-;-;-;3;42
"420315 Calmon";1;-;-;-;-;-;-;-;8;3;-;-;-;-;-;1;-;-;1;14
"420320 Camboriú";29;54;2;17;5;9;-;-;67;24;11;-;1;5;-;3;7;38;48;320
"420330 Campo Alegre";2;19;2;9;1;2;-;-;28;12;5;1;-;-;-;1;-;3;10;95
"420340 Campo Belo do Sul";2;5;-;-;-;-;-;-;12;10;-;-;-;-;-;-;-;4;9;42
"420350 Campo Erê";2;5;-;3;-;4;-;-;16;11;6;-;-;1;-;2;-;2;4;56
"420360 Campos Novos";7;34;3;19;1;2;-;-;71;26;9;-;-;2;1;5;2;21;14;217
"420370 Canelinha";2;14;-;1;-;-;-;-;22;7;5;-;-;2;-;-;1;3;8;65
"420380 Canoinhas";11;72;-;18;1;11;-;-;108;50;33;-;4;3;-;6;2;24;31;374
"420325 Capão Alto";-;7;-;-;-;-;-;-;6;3;-;-;-;-;-;1;-;2;-;19
"420390 Capinzal";8;31;-;7;-;3;-;-;36;9;12;-;-;-;-;1;1;2;7;117
"420395 Capivari de Baixo";7;19;2;9;2;7;-;-;38;22;7;-;1;7;-;-;-;2;17;140
"420400 Catanduvas";1;5;-;1;1;-;-;-;12;6;1;-;-;-;-;2;1;2;12;44
"420410 Caxambu do Sul";-;6;-;5;-;-;-;-;18;2;3;-;1;1;-;1;-;2;4;43
"420415 Celso Ramos";1;3;-;-;-;-;-;-;4;2;-;-;-;-;-;-;-;4;1;15
"420417 Cerro Negro";-;4;1;-;-;1;-;-;6;1;-;-;-;1;-;-;1;4;3;22
"420419 Chapadão do Lageado";1;3;-;3;-;1;-;-;2;1;-;-;-;-;-;-;-;1;1;13
"420420 Chapecó";28;193;4;44;16;29;-;1;252;102;49;2;5;14;-;17;12;17;135;920
"420425 Cocal do Sul";3;19;-;7;1;-;-;-;17;7;2;1;-;2;-;3;1;-;6;69
"420430 Concórdia";14;87;2;28;8;23;-;-;85;40;12;1;3;7;-;9;4;12;34;369
"420435 Cordilheira Alta";2;7;-;1;-;2;-;-;6;2;-;-;1;-;-;-;-;-;2;23
"420440 Coronel Freitas";2;8;-;2;-;1;-;-;18;16;1;-;-;1;-;-;2;-;4;55
"420445 Coronel Martins";-;-;-;1;1;1;-;-;4;2;1;-;-;-;-;-;1;1;1;13
"420455 Correia Pinto";4;11;1;10;-;2;-;-;24;18;9;-;1;1;-;3;1;5;14;104
"420450 Corupá";-;9;1;5;-;4;-;-;35;21;6;-;-;3;-;1;1;5;7;98
"420460 Criciúma";48;226;2;53;3;24;-;-;372;117;54;-;7;18;1;17;13;5;101;1061
"420470 Cunha Porã";-;27;-;5;-;1;-;-;25;12;7;-;1;1;-;2;-;1;7;89
"420475 Cunhataí";-;1;-;-;-;-;-;-;3;1;-;-;-;1;-;-;-;-;-;6
"420480 Curitibanos";9;50;-;29;3;11;-;-;47;42;12;-;1;9;1;6;5;64;35;324
"420490 Descanso";2;8;-;5;2;3;-;-;12;6;3;-;-;1;-;-;1;5;6;54
"420500 Dionísio Cerqueira";4;19;1;6;1;1;-;-;36;10;5;-;-;1;-;2;-;7;7;100
"420510 Dona Emma";-;4;-;2;1;1;-;-;9;1;1;-;-;-;-;2;-;4;-;25
"420515 Doutor Pedrinho";1;3;-;2;-;-;-;-;5;3;1;-;-;-;1;1;-;-;1;18
"420517 Entre Rios";-;5;-;1;-;-;-;-;3;8;-;-;-;-;-;1;-;1;3;22
"420519 Ermo";-;5;-;1;-;-;-;-;1;1;2;-;-;1;-;-;-;1;1;13
"420520 Erval Velho";-;11;-;-;-;1;-;-;9;7;2;-;-;2;-;-;1;4;3;40
"420530 Faxinal dos Guedes";1;10;-;2;-;2;-;-;10;4;1;1;-;-;-;2;1;-;17;51
"420535 Flor do Sertão";-;2;-;-;-;-;-;-;1;2;1;-;-;-;-;-;-;-;3;9
"420540 Florianópolis";100;565;5;63;1;66;-;-;645;229;126;2;10;43;2;12;9;12;222;2112
"420543 Formosa do Sul";-;8;-;-;-;2;-;-;3;1;-;-;-;-;-;1;-;-;1;16
"420545 Forquilhinha";5;29;-;4;-;2;-;-;39;20;6;-;-;2;-;4;3;1;12;127
"420550 Fraiburgo";7;41;1;17;1;6;-;-;51;19;9;-;1;3;-;2;1;4;18;181
"420555 Frei Rogério";-;3;-;2;-;-;-;-;3;1;2;-;-;-;1;-;-;1;-;13
"420560 Galvão";1;7;-;2;1;-;-;-;8;2;1;-;-;-;-;1;-;-;3;26
"420570 Garopaba";5;30;-;7;-;4;-;-;31;18;3;-;-;-;-;1;1;2;14;116
"420580 Garuva";3;10;1;5;1;1;-;-;18;11;5;-;-;-;-;-;-;3;9;67
"420590 Gaspar";12;61;2;20;2;5;-;-;94;32;17;-;1;7;2;3;6;6;44;314
"420600 Governador Celso Ramos";3;17;-;3;-;1;-;-;17;6;2;-;-;-;-;-;1;2;4;56
"420610 Grão Pará";-;4;-;-;-;1;-;-;11;3;-;-;1;3;-;-;1;-;4;28
"420620 Gravatal";5;11;-;3;-;2;-;-;15;14;4;-;-;-;-;2;-;1;2;59
"420630 Guabiruba";1;8;-;5;2;3;-;-;33;13;3;-;1;3;-;1;1;2;13;89
"420640 Guaraciaba";1;14;-;5;-;1;-;-;29;11;1;1;1;-;-;2;-;1;6;73
"420650 Guaramirim";7;31;4;10;2;9;-;-;45;22;7;-;-;8;-;3;1;3;29;181
"420660 Guarujá do Sul";1;10;-;2;-;1;-;-;17;5;1;-;-;1;-;-;1;1;3;43
"420665 Guatambú";2;5;-;2;-;-;-;-;6;3;1;-;-;1;-;1;2;2;2;27
"420670 Herval d'Oeste";10;27;1;6;-;3;-;-;37;11;12;-;-;3;-;4;-;5;4;123
"420675 Ibiam";-;2;-;-;-;-;-;-;2;-;1;-;-;1;-;-;-;-;1;7
"420680 Ibicaré";1;4;-;1;1;1;-;-;7;4;2;-;-;-;-;-;1;-;5;27
"420690 Ibirama";3;21;1;9;-;3;-;-;35;22;4;1;-;3;-;1;1;3;8;115
"420700 Içara";10;58;-;14;2;6;-;-;90;25;16;-;1;6;-;5;5;1;28;267
"420710 Ilhota";1;13;-;3;2;4;-;-;26;12;2;-;2;-;-;1;-;-;16;82
"420720 Imaruí";-;15;1;12;2;-;-;-;23;10;3;-;1;-;-;-;-;12;7;86
"420730 Imbituba";8;45;-;23;3;11;-;-;93;28;17;-;1;3;-;2;6;9;27;276
"420740 Imbuia";1;9;1;2;-;1;-;-;13;4;-;-;-;1;-;1;1;-;5;39
"420750 Indaial";11;63;4;13;3;6;-;-;63;42;12;-;1;14;-;6;4;14;49;305
"420757 Iomerê";-;4;-;1;1;1;-;-;8;2;-;-;-;-;-;-;1;4;-;22
"420760 Ipira";-;11;-;7;2;2;-;-;10;2;2;-;-;-;-;-;-;5;3;44
"420765 Iporã do Oeste";1;13;-;1;-;-;-;-;19;7;3;-;-;-;-;-;-;4;5;53
"420768 Ipuaçu";1;2;-;1;-;2;-;-;9;4;1;-;-;-;-;-;-;4;4;28
"420770 Ipumirim";2;8;-;4;1;1;-;-;10;1;2;-;-;1;-;-;-;1;4;35
"420775 Iraceminha";-;7;-;1;1;-;-;-;4;4;1;-;-;1;-;-;-;-;4;23
"420780 Irani";-;18;-;1;1;1;-;-;20;6;2;-;1;1;-;-;1;-;6;58
"420785 Irati";1;2;-;-;-;-;-;-;7;2;-;-;-;-;-;-;-;-;1;13
"420790 Irineópolis";1;13;-;1;2;2;-;-;25;8;5;-;-;1;-;-;-;4;5;67
"420800 Itá";2;12;-;2;-;1;-;-;9;3;1;-;-;-;-;-;1;-;5;36
"420810 Itaiópolis";5;28;-;7;6;4;-;-;32;11;8;-;-;2;-;2;1;3;17;126
"420820 Itajaí";69;218;5;80;14;49;-;1;296;94;47;-;6;21;1;20;24;8;134;1087
"420830 Itapema";16;55;2;13;3;8;-;-;71;30;13;1;1;6;-;3;1;9;29;261
"420840 Itapiranga";3;14;1;6;-;4;-;-;28;11;2;-;-;1;-;-;2;3;11;86
"420845 Itapoá";8;10;-;4;2;2;-;-;37;11;7;-;2;4;-;-;-;14;8;109
"420850 Ituporanga";9;26;-;14;1;4;-;-;38;20;8;-;1;-;-;4;2;8;12;147
"420860 Jaborá";1;9;-;1;-;1;-;-;9;2;1;-;-;-;-;-;-;1;2;27
"420870 Jacinto Machado";1;9;-;4;-;1;-;-;21;8;5;-;-;-;-;1;-;4;2;56
"420880 Jaguaruna";5;18;-;5;1;4;-;-;42;15;2;-;-;6;-;1;-;3;12;114
"420890 Jaraguá do Sul";28;170;3;41;13;22;-;-;184;86;41;1;4;20;1;17;6;30;67;734
"420895 Jardinópolis";1;1;-;-;-;-;-;-;3;-;-;-;-;-;-;-;-;-;1;6
"420900 Joaçaba";6;31;1;11;-;8;-;-;29;11;10;-;-;3;-;3;1;5;15;134
"420910 Joinville";140;583;4;107;4;114;-;-;757;311;124;9;10;63;1;25;26;50;287;2615
"420915 José Boiteux";1;8;1;5;-;2;-;-;8;7;1;-;-;1;-;-;-;1;1;36
"420917 Jupiá";-;-;-;-;1;1;-;-;3;1;-;-;-;-;-;-;-;-;2;8
"420920 Lacerdópolis";-;4;-;-;-;1;-;-;3;-;1;-;-;-;-;-;-;2;3;14
"420930 Lages";51;238;5;83;9;30;-;-;288;152;60;2;3;41;-;24;11;55;83;1135
"420940 Laguna";17;57;1;33;11;3;-;-;140;54;21;1;-;9;-;2;2;7;34;392
"420945 Lajeado Grande";-;-;-;-;-;-;-;-;3;3;1;-;-;-;-;-;-;1;2;10
"420950 Laurentino";1;3;-;-;-;-;-;-;2;3;-;-;1;1;-;1;1;-;3;16
"420960 Lauro Muller";3;11;1;8;2;4;-;-;39;7;4;-;-;2;-;-;-;3;6;90
"420970 Lebon Régis";1;11;2;3;-;3;-;-;19;9;1;-;-;4;-;-;-;2;5;60
"420980 Leoberto Leal";-;1;-;1;-;-;-;-;5;2;1;-;-;-;-;-;1;8;1;20
"420985 Lindóia do Sul";2;8;-;-;-;-;-;-;4;3;1;-;-;1;-;-;-;-;5;24
"420990 Lontras";3;10;-;5;-;2;-;-;19;11;3;-;1;1;-;2;1;1;8;67
"421000 Luiz Alves";1;11;-;1;-;1;-;-;16;5;5;-;1;-;-;-;3;6;4;54
"421003 Luzerna";1;9;1;2;2;1;-;-;10;6;5;-;-;1;-;-;-;-;2;40
"421005 Macieira";-;1;-;-;-;-;-;-;2;1;1;-;-;-;-;-;-;-;1;6
"421010 Mafra";16;79;3;35;6;10;-;-;114;48;27;-;-;9;1;1;4;2;31;386
"421020 Major Gercino";1;7;-;2;-;1;-;-;5;1;-;-;-;-;-;-;-;-;3;20
"421030 Major Vieira";2;12;1;3;1;1;-;-;15;7;7;-;-;-;-;-;-;-;6;55
"421040 Maracajá";2;11;1;2;1;-;-;-;12;6;1;-;-;-;-;-;1;6;7;50
"421050 Maravilha";2;27;-;6;-;6;-;-;30;19;9;-;-;5;-;2;2;2;18;128
"421055 Marema";-;4;-;-;-;-;-;-;7;3;1;-;-;-;-;-;-;-;2;17
"421060 Massaranduba";2;17;-;3;2;3;-;-;18;13;5;-;-;1;-;1;1;5;16;87
"421070 Matos Costa";-;1;-;2;-;-;-;-;1;2;1;-;-;-;-;-;1;-;1;9
"421080 Meleiro";2;8;-;6;-;2;-;-;13;5;3;-;-;1;-;-;1;6;2;49
"421085 Mirim Doce";-;1;-;1;1;2;-;-;3;2;2;-;1;-;-;-;-;1;2;16
"421090 Modelo";-;5;-;1;-;1;-;-;7;1;1;-;-;-;-;-;-;2;4;22
"421100 Mondaí";3;11;-;1;1;1;-;-;17;6;2;-;-;1;-;1;-;1;5;50
"421105 Monte Carlo";2;13;-;7;1;-;-;-;7;10;2;-;-;2;-;2;-;6;8;60
"421110 Monte Castelo";-;11;-;4;-;1;-;-;19;4;5;-;-;-;-;4;-;4;8;60
"421120 Morro da Fumaça";4;18;-;8;1;4;-;-;35;13;4;1;-;-;-;-;1;1;10;100
"421125 Morro Grande";2;2;-;-;-;-;-;-;3;3;-;-;1;1;-;-;-;-;1;13
"421130 Navegantes";17;72;2;15;3;5;-;-;93;31;17;1;4;4;1;9;4;7;65;350
"421140 Nova Erechim";1;9;-;1;-;-;-;-;10;6;1;-;-;-;-;-;-;1;5;34
"421145 Nova Itaberaba";1;5;-;2;-;1;-;-;3;4;2;-;-;-;-;1;-;-;7;26
"421150 Nova Trento";2;15;1;3;-;3;-;-;15;11;2;-;-;3;-;2;-;5;8;70
"421160 Nova Veneza";2;26;-;4;-;-;-;-;17;4;1;-;-;-;-;1;-;2;7;64
"421165 Novo Horizonte";-;1;-;-;-;1;-;-;6;2;1;-;-;-;-;2;-;-;2;15
"421170 Orleans";3;23;1;6;-;7;-;-;42;5;5;-;-;-;-;-;1;-;8;101
"421175 Otacílio Costa";1;22;-;8;2;5;-;-;33;14;3;-;1;3;-;2;-;17;14;125
"421180 Ouro";1;7;-;2;-;1;-;-;19;2;2;-;-;2;-;-;-;7;2;45
"421185 Ouro Verde";4;1;-;1;-;-;-;-;2;4;-;-;-;-;-;-;-;1;3;16
"421187 Paial";1;3;-;-;-;-;-;-;7;1;1;-;-;-;-;-;-;1;1;15
"421189 Painel";1;6;1;3;-;2;-;-;3;3;-;-;-;-;-;1;-;2;1;23
"421190 Palhoça";26;173;2;19;3;11;-;-;228;86;32;1;1;12;1;9;7;4;100;715
"421200 Palma Sola";1;10;-;3;-;2;-;-;15;7;-;-;-;1;-;2;-;-;6;47
"421205 Palmeira";-;1;-;-;-;-;-;-;3;3;-;-;-;-;-;-;-;-;-;7
"421210 Palmitos";2;18;-;8;1;4;-;-;41;10;6;-;-;6;-;1;-;2;11;110
"421220 Papanduva";3;34;-;12;3;2;-;-;38;6;4;-;-;1;-;2;-;2;10;117
"421223 Paraíso";1;7;-;3;1;-;-;-;8;3;2;-;-;-;-;1;-;-;4;30
"421225 Passo de Torres";-;6;-;-;-;2;-;-;16;9;3;-;-;-;-;1;-;4;6;47
"421227 Passos Maia";-;2;-;2;-;1;-;-;4;4;1;-;1;-;-;1;1;2;5;24
"421230 Paulo Lopes";2;11;-;3;-;1;-;-;9;6;2;-;-;-;-;-;-;1;10;45
"421240 Pedras Grandes";-;4;-;2;-;-;-;-;9;1;-;-;-;2;-;-;-;3;3;24
"421250 Penha";6;30;1;15;4;5;-;-;54;13;8;-;-;1;-;-;1;15;17;170
"421260 Peritiba";-;8;-;3;-;2;-;-;11;1;3;-;-;-;-;-;-;-;-;28
"421265 Pescaria Brava";1;5;-;3;1;3;-;-;7;1;1;-;-;-;-;-;-;-;4;26
"421270 Petrolândia";1;12;-;5;-;-;-;-;12;9;1;-;1;5;-;-;-;1;2;49
"421290 Pinhalzinho";1;22;-;4;-;-;-;-;31;5;4;-;-;-;-;2;-;3;12;84
"421300 Pinheiro Preto";-;7;-;-;-;-;-;-;-;2;-;-;-;-;-;-;-;5;2;16
"421310 Piratuba";1;7;-;2;-;3;-;-;11;3;3;-;-;-;-;-;-;3;1;34
"421315 Planalto Alegre";-;4;-;-;-;1;-;-;6;-;1;-;-;-;-;-;-;-;2;14
"421320 Pomerode";8;47;-;5;1;6;-;-;64;29;7;2;1;4;-;3;2;2;12;193
"421330 Ponte Alta";1;7;1;5;1;-;-;1;11;4;3;-;-;1;-;-;-;-;4;39
"421335 Ponte Alta do Norte";1;3;-;1;-;-;-;-;6;3;-;-;-;-;-;-;-;4;4;22
"421340 Ponte Serrada";2;7;-;1;-;4;-;-;15;13;5;-;-;1;-;-;3;3;11;65
"421350 Porto Belo";5;18;-;2;-;3;-;-;26;11;3;-;-;5;1;-;1;2;14;91
"421360 Porto União";7;48;1;11;4;3;-;-;76;22;6;-;-;2;-;5;1;2;31;219
"421370 Pouso Redondo";6;23;-;4;1;4;-;-;31;7;2;-;-;2;-;-;-;4;10;94
"421380 Praia Grande";1;8;1;4;-;2;-;-;14;5;1;-;-;-;-;1;-;3;5;45
"421390 Presidente Castello Branco";-;2;-;1;-;-;-;-;1;4;1;-;-;-;-;-;-;2;2;13
"421400 Presidente Getúlio";2;23;-;5;-;2;-;-;28;10;4;-;-;2;-;-;2;4;14;96
"421410 Presidente Nereu";-;3;-;2;-;-;-;-;12;1;2;-;-;-;-;-;-;1;3;24
"421415 Princesa";-;2;-;-;1;-;-;-;3;3;1;-;-;-;-;-;-;-;-;10
"421420 Quilombo";1;13;-;4;2;3;-;-;27;4;2;-;1;1;-;1;1;-;8;68
"421430 Rancho Queimado";-;5;-;-;-;1;-;-;8;3;1;-;-;-;-;-;1;1;6;26
"421440 Rio das Antas";2;4;-;2;1;-;-;-;4;5;3;-;-;1;-;-;-;3;4;29
"421450 Rio do Campo";-;7;-;3;1;-;-;-;13;3;3;-;-;2;-;-;-;3;3;38
"421460 Rio do Oeste";-;11;-;9;1;2;-;-;13;8;2;-;-;3;-;2;-;2;1;54
"421480 Rio do Sul";16;89;2;17;8;9;-;-;91;37;11;1;-;12;-;5;6;4;46;354
"421470 Rio dos Cedros";-;10;-;5;-;3;-;-;24;5;2;-;-;1;-;1;1;3;4;59
"421490 Rio Fortuna";-;7;1;1;-;1;-;-;16;4;2;-;-;-;-;-;-;1;1;34
"421500 Rio Negrinho";9;57;-;16;1;5;-;-;85;26;8;-;-;3;-;5;2;13;31;261
"421505 Rio Rufino";-;1;-;-;-;-;-;-;-;-;-;-;-;1;-;-;-;1;1;4
"421507 Riqueza";-;5;-;2;-;3;-;-;7;-;1;-;-;-;-;-;-;1;2;21
"421510 Rodeio";1;16;-;8;-;2;-;-;27;15;5;-;-;1;-;-;-;7;12;94
"421520 Romelândia";2;10;-;2;1;-;-;-;7;7;1;-;-;-;-;1;-;2;3;36
"421530 Salete";1;4;-;5;-;1;-;-;9;5;4;-;-;-;1;2;1;2;8;43
"421535 Saltinho";1;4;-;1;1;1;-;-;3;2;2;-;-;1;-;-;-;1;1;18
"421540 Salto Veloso";1;10;-;2;-;-;-;-;5;3;3;-;-;-;-;-;-;1;2;27
"421545 Sangão";2;6;-;5;-;1;-;-;15;9;4;-;-;-;1;1;-;2;8;54
"421550 Santa Cecília";4;12;1;7;-;1;-;-;24;18;6;-;1;3;-;1;-;6;20;104
"421555 Santa Helena";-;4;-;-;-;-;-;-;3;3;-;-;-;-;-;-;-;-;5;15
"421560 Santa Rosa de Lima";-;2;-;-;-;-;-;-;3;-;-;-;-;-;-;-;-;-;1;6
"421565 Santa Rosa do Sul";1;5;-;1;-;1;-;-;7;7;3;-;-;1;-;2;1;4;5;38
"421567 Santa Terezinha";-;8;2;2;-;1;-;-;4;2;5;-;-;-;-;-;-;5;7;36
"421568 Santa Terezinha do Progresso";1;6;-;1;-;1;-;-;1;2;-;-;-;1;-;-;-;-;4;17
"421569 Santiago do Sul";-;1;-;-;1;-;-;-;3;-;1;-;-;-;-;-;-;-;1;7
"421570 Santo Amaro da Imperatriz";2;25;-;8;1;12;-;-;46;16;2;-;-;3;-;2;1;2;11;131
"421580 São Bento do Sul";14;92;-;28;26;10;-;1;112;58;30;1;1;9;-;7;4;13;46;452
"421575 São Bernardino";-;2;-;1;-;-;-;-;6;2;-;-;-;-;-;-;-;-;3;14
"421590 São Bonifácio";-;5;1;4;2;2;-;-;8;2;1;-;-;-;-;-;-;5;-;30
"421600 São Carlos";2;15;-;5;-;2;-;-;15;12;4;-;-;-;-;1;1;1;9;67
"421605 São Cristovão do Sul";1;4;-;-;1;1;-;-;9;2;4;-;-;1;-;-;-;4;4;31
"421610 São Domingos";3;10;-;5;-;1;-;-;21;9;2;-;-;-;-;-;1;3;9;64
"421620 São Francisco do Sul";16;51;-;15;8;9;-;-;78;41;16;-;-;10;2;-;4;2;37;289
"421630 São João Batista";1;22;-;6;1;1;-;-;38;18;7;-;-;-;-;3;4;10;17;128
"421635 São João do Itaperiú";1;4;-;-;-;-;-;-;7;-;-;-;-;-;-;-;-;1;2;15
"421625 São João do Oeste";-;9;1;1;2;2;-;-;10;5;7;-;-;2;-;-;1;2;3;45
"421640 São João do Sul";-;6;-;4;-;-;-;-;11;4;2;-;-;4;-;-;-;2;6;39
"421650 São Joaquim";8;33;2;5;3;3;-;-;43;22;6;-;-;9;-;2;-;13;11;160
"421660 São José";53;262;3;32;3;28;-;1;369;108;51;5;1;28;1;23;9;7;110;1094
"421670 São José do Cedro";1;13;-;9;-;8;-;-;31;9;5;-;-;-;-;2;-;4;7;89
"421680 São José do Cerrito";3;16;1;6;1;2;-;-;6;7;2;-;-;3;-;-;1;15;3;66
"421690 São Lourenço do Oeste";4;20;1;7;5;7;-;-;29;13;12;1;-;1;-;5;1;1;28;135
"421700 São Ludgero";2;9;-;5;-;-;-;-;15;6;1;-;-;-;-;1;1;-;8;48
"421710 São Martinho";-;4;2;-;-;2;-;-;9;4;1;1;-;1;-;-;-;-;-;24
"421715 São Miguel da Boa Vista";-;2;-;1;-;-;-;-;1;2;1;-;-;-;-;-;-;2;2;11
"421720 São Miguel do Oeste";5;64;-;11;1;8;-;-;42;14;12;-;-;9;-;-;2;6;22;196
"421725 São Pedro de Alcântara";4;6;-;1;-;-;-;-;11;3;1;-;1;2;-;-;-;1;4;34
"421730 Saudades";3;12;-;4;2;2;-;-;18;2;1;-;-;2;-;3;-;1;8;58
"421740 Schroeder";1;18;-;1;-;1;-;-;17;16;2;-;-;1;-;4;1;3;7;72
"421750 Seara";2;22;-;4;1;2;-;-;31;8;4;-;-;3;-;-;1;5;7;90
"421755 Serra Alta";-;5;-;1;-;1;-;-;4;2;1;-;-;1;-;-;-;1;-;16
"421760 Siderópolis";1;17;-;12;-;3;-;-;29;10;8;-;-;-;-;-;1;1;2;84
"421770 Sombrio";4;31;-;8;-;1;-;-;38;19;4;-;1;3;-;2;-;12;15;138
"421775 Sul Brasil";1;4;-;1;-;2;-;-;-;2;1;-;-;-;-;-;-;-;-;11
"421780 Taió";5;33;-;9;-;2;-;-;29;15;6;1;-;3;-;2;1;3;13;122
"421790 Tangará";1;14;-;6;2;2;-;-;19;3;4;-;-;1;-;1;-;7;5;65
"421795 Tigrinhos";-;4;-;2;-;-;-;-;4;1;-;-;-;-;-;-;-;-;3;14
"421800 Tijucas";8;35;-;13;1;7;-;-;65;20;9;-;-;3;-;1;5;11;22;200
"421810 Timbé do Sul";1;12;-;4;-;1;-;-;11;1;2;-;-;-;-;1;-;3;4;40
"421820 Timbó";8;51;2;15;3;4;-;-;57;24;11;1;2;6;-;-;3;18;19;224
"421825 Timbó Grande";-;5;-;2;3;-;-;-;17;10;1;-;-;-;-;1;-;1;7;47
"421830 Três Barras";5;24;-;15;-;2;-;1;40;20;4;-;-;5;-;2;1;3;16;138
"421835 Treviso";-;8;-;-;-;1;-;-;10;3;1;-;-;-;-;1;-;-;3;27
"421840 Treze de Maio";1;8;-;2;-;2;-;-;16;6;3;-;-;-;-;1;-;6;1;46
"421850 Treze Tílias";2;10;-;-;-;2;-;-;12;1;2;-;-;1;-;-;-;2;6;38
"421860 Trombudo Central";2;13;-;3;-;3;-;-;14;6;-;-;-;-;-;2;-;-;1;44
"421870 Tubarão";29;126;3;35;8;18;-;-;155;96;32;2;4;23;1;4;5;27;68;636
"421875 Tunápolis";2;5;-;5;1;1;-;-;7;2;1;-;-;-;-;-;-;-;-;24
"421880 Turvo";2;7;-;4;-;2;-;-;20;7;4;-;-;3;-;-;2;8;8;67
"421885 União do Oeste";-;4;-;1;-;2;-;-;4;2;1;-;-;1;-;-;-;-;3;18
"421890 Urubici";2;9;-;3;-;1;-;-;33;8;7;-;-;2;-;-;-;7;12;84
"421895 Urupema";-;2;-;-;-;-;-;-;2;4;1;-;-;-;-;-;-;-;-;9
"421900 Urussanga";5;34;-;14;1;2;-;-;39;10;3;-;-;1;-;1;-;1;14;125
"421910 Vargeão";-;3;-;1;-;-;-;-;6;-;-;-;-;-;-;-;-;-;2;12
"421915 Vargem";-;2;-;2;-;-;-;-;2;5;-;-;-;-;-;-;-;5;2;18
"421917 Vargem Bonita";-;4;1;-;-;1;-;-;6;1;3;-;-;-;-;-;2;1;2;21
"421920 Vidal Ramos";1;12;-;3;-;-;-;-;6;4;3;-;-;-;-;-;2;2;6;39
"421930 Videira";6;61;-;14;5;9;-;-;65;30;16;1;-;9;-;4;-;42;24;286
"421935 Vitor Meireles";1;3;1;2;1;-;-;-;8;8;2;-;-;-;-;-;-;2;1;29
"421940 Witmarsum";1;5;-;-;-;-;-;-;10;1;-;-;-;-;-;-;-;-;4;21
"421950 Xanxerê";10;47;1;8;-;11;-;-;72;38;25;-;-;3;-;8;4;10;21;258
"421960 Xavantina";-;9;-;2;-;2;-;-;5;1;1;-;-;1;-;-;-;-;2;23
"421970 Xaxim";1;32;-;8;1;6;-;-;40;18;9;-;-;1;-;1;1;6;19;143
"421985 Zortéa";1;2;-;1;-;-;-;-;4;2;1;-;-;-;-;-;-;-;1;12
"420000 Município ignorado - SC";-;-;-;-;-;-;-;-;1;-;-;-;-;-;-;-;-;-;-;1
"430003 Aceguá";1;7;-;1;-;1;-;-;5;2;2;-;-;1;-;2;-;-;2;24
"430005 Água Santa";-;6;-;1;-;-;-;-;4;4;1;-;-;1;-;1;-;-;1;19
"430010 Agudo";-;34;1;5;-;3;-;-;57;10;6;1;-;2;-;2;-;9;11;141
"430020 Ajuricaba";3;13;-;6;-;4;-;-;24;5;3;-;1;2;-;-;1;2;6;70
"430030 Alecrim";2;17;1;3;-;2;-;-;25;14;2;-;-;-;-;1;-;1;6;74
"430040 Alegrete";21;168;1;30;4;11;-;-;239;93;31;-;1;10;-;2;6;18;47;682
"430045 Alegria";-;12;-;4;-;1;-;-;11;5;3;-;-;1;-;1;-;1;2;41
"430047 Almirante Tamandaré do Sul";-;-;-;1;-;-;-;-;7;2;1;-;-;1;-;1;-;-;1;14
"430050 Alpestre";-;12;1;1;1;-;-;-;26;12;3;-;-;1;-;1;-;-;4;62
"430055 Alto Alegre";-;-;-;-;-;-;-;-;5;4;1;-;-;-;-;-;-;1;-;11
"430057 Alto Feliz";2;7;-;1;-;-;-;-;6;4;2;-;-;1;-;2;-;-;2;27
"430060 Alvorada";88;261;4;107;22;32;-;-;414;164;65;5;12;41;-;17;15;22;189;1458
"430063 Amaral Ferrador";2;3;-;5;1;1;-;-;10;5;2;-;1;1;-;-;-;4;4;39
"430064 Ametista do Sul";1;14;-;5;-;-;-;-;4;14;3;-;-;2;1;-;-;3;6;53
"430066 André da Rocha";-;3;-;-;-;-;-;-;2;1;1;-;-;1;-;-;-;2;2;12
"430070 Anta Gorda";2;10;-;2;-;2;-;-;20;6;1;-;-;2;-;-;-;-;8;53
"430080 Antônio Prado";-;20;1;5;-;6;-;-;33;12;6;-;2;3;-;2;1;-;11;102
"430085 Arambaré";-;6;1;2;2;1;-;-;8;2;2;-;-;1;-;1;-;2;4;32
"430087 Araricá";1;11;-;1;-;1;-;-;6;3;1;-;-;-;-;1;-;12;7;44
"430090 Aratiba";-;12;1;4;-;3;-;-;11;6;5;-;-;2;-;-;1;2;5;52
"430100 Arroio do Meio";1;39;1;13;-;2;-;-;55;21;7;-;1;1;-;-;1;-;15;157
"430107 Arroio do Padre";1;1;-;-;-;-;-;-;4;1;2;-;-;-;-;-;-;2;3;14
"430105 Arroio do Sal";1;12;-;6;-;2;-;-;21;6;5;-;-;1;-;-;-;1;8;63
"430120 Arroio do Tigre";4;26;-;3;-;1;-;-;25;14;4;-;-;3;-;3;-;3;8;94
"430110 Arroio dos Ratos";6;32;-;11;-;1;-;-;44;19;7;-;-;3;-;-;2;5;4;134
"430130 Arroio Grande";2;29;-;9;-;5;-;-;49;29;9;-;-;3;-;3;3;24;6;171
"430140 Arvorezinha";3;19;-;5;-;1;-;-;22;5;3;-;-;2;-;-;1;2;7;70
"430150 Augusto Pestana";2;13;-;4;-;3;-;-;26;11;1;-;-;6;-;-;-;2;4;72
"430155 Áurea";1;6;-;2;-;1;-;-;19;9;1;1;-;1;-;1;-;1;3;46
"430160 Bagé";19;248;6;72;23;39;-;-;322;106;43;1;3;21;1;9;9;17;56;995
"430163 Balneário Pinhal";6;9;1;14;-;1;-;-;24;18;6;-;-;2;-;1;-;3;9;94
"430165 Barão";6;2;-;-;2;2;-;-;10;5;2;-;-;1;-;-;-;1;3;34
"430170 Barão de Cotegipe";3;8;1;2;-;3;-;-;15;5;3;-;-;-;-;1;-;3;3;47
"430175 Barão do Triunfo";1;5;-;1;-;1;-;-;10;2;2;-;-;1;-;1;2;1;3;30
"430185 Barra do Guarita";-;4;-;2;-;-;-;-;2;3;5;-;-;1;-;-;-;1;5;23
"430187 Barra do Quaraí";-;-;-;-;-;-;-;-;1;3;-;-;-;-;-;2;-;4;1;11
"430190 Barra do Ribeiro";1;12;1;10;1;5;-;-;33;20;6;-;-;3;-;-;1;2;5;100
"430192 Barra do Rio Azul";-;3;-;-;-;-;-;-;2;-;-;-;-;-;-;-;-;-;-;5
"430195 Barra Funda";-;2;-;-;-;-;-;-;-;-;-;-;-;-;-;-;-;-;-;2
"430180 Barracão";-;4;-;2;1;-;-;-;10;1;3;-;-;2;1;-;-;2;2;28
"430200 Barros Cassal";2;15;-;4;-;-;-;-;17;13;4;-;1;1;-;1;1;1;8;68
"430205 Benjamin Constant do Sul";-;2;-;1;-;1;-;-;6;3;1;-;-;-;-;-;-;-;1;15
"430210 Bento Gonçalves";10;150;2;39;1;19;-;-;172;89;37;-;2;11;-;8;4;-;79;623
"430215 Boa Vista das Missões";-;6;-;2;-;-;-;-;4;-;1;-;-;-;-;-;-;-;2;15
"430220 Boa Vista do Buricá";2;8;-;2;1;-;-;-;16;5;1;-;-;1;-;-;-;1;5;42
"430222 Boa Vista do Cadeado";-;1;-;-;-;1;-;-;5;1;-;-;-;-;-;-;-;3;1;12
"430223 Boa Vista do Incra";-;6;-;-;-;-;-;-;6;3;-;-;-;-;-;-;-;1;1;17
"430225 Boa Vista do Sul";-;7;1;1;-;-;-;-;10;3;-;-;-;-;-;-;-;2;2;26
"430230 Bom Jesus";3;19;1;4;-;2;-;-;22;8;3;-;-;1;-;-;-;3;6;72
"430235 Bom Princípio";1;21;-;2;1;1;-;-;23;3;1;-;-;2;-;-;-;-;9;64
"430237 Bom Progresso";1;1;-;2;-;1;-;-;10;2;1;-;-;1;-;-;-;1;1;21
"430240 Bom Retiro do Sul";3;19;-;4;-;1;-;-;36;20;3;-;-;5;-;-;-;1;9;101
"430245 Boqueirão do Leão";1;12;-;6;1;-;-;-;18;5;4;-;-;-;-;1;-;-;1;49
"430250 Bossoroca";1;10;1;2;1;2;-;-;18;7;1;-;-;2;-;-;-;1;5;51
"430258 Bozano";1;1;-;-;-;1;-;-;4;2;2;-;-;1;-;-;-;-;1;13
"430260 Braga";-;10;-;-;-;1;-;-;7;4;-;-;-;1;-;-;-;-;5;28
"430265 Brochier";2;6;-;7;-;4;-;-;21;7;3;-;1;1;-;-;-;1;2;55
"430270 Butiá";5;38;-;9;-;2;-;-;61;23;8;-;1;3;1;1;1;8;15;176
"430280 Caçapava do Sul";11;69;2;14;3;9;-;-;113;45;19;-;1;8;-;5;1;11;22;333
"430290 Cacequi";10;23;-;2;-;5;-;-;41;14;6;1;-;3;-;2;-;2;5;114
"430300 Cachoeira do Sul";24;176;2;54;10;47;-;-;293;112;48;3;2;22;-;1;3;12;71;880
"430310 Cachoeirinha";46;171;-;35;4;20;-;-;235;99;42;4;5;22;2;7;4;26;78;800
"430320 Cacique Doble";2;8;-;1;1;1;-;-;4;-;1;-;-;-;-;-;1;-;4;23
"430330 Caibaté";-;10;-;1;-;1;-;-;16;6;-;-;1;2;-;-;-;1;1;39
"430340 Caiçara";2;9;-;3;-;1;-;-;11;5;-;-;-;1;-;-;1;4;6;43
"430350 Camaquã";12;124;7;34;9;14;-;-;165;105;21;1;2;3;3;5;6;16;48;575
"430355 Camargo";-;5;-;1;-;-;-;-;1;4;1;-;-;-;-;-;1;-;3;16
"430360 Cambará do Sul";1;9;-;8;-;1;-;-;9;5;4;-;1;1;-;-;-;2;4;45
"430367 Campestre da Serra";-;3;-;1;-;2;-;-;6;2;1;-;-;-;-;-;-;-;5;20
"430370 Campina das Missões";2;20;-;3;1;1;-;-;18;18;1;-;-;6;-;-;1;2;2;75
"430380 Campinas do Sul";2;8;-;2;-;2;-;-;19;6;4;-;-;-;-;-;1;1;1;46
"430390 Campo Bom";17;75;3;22;5;10;-;-;103;59;15;1;-;9;-;1;3;15;31;369
"430400 Campo Novo";2;11;-;2;-;1;-;-;20;10;4;-;-;1;-;-;-;2;2;55
"430410 Campos Borges";-;6;-;2;-;-;-;-;4;2;-;-;-;-;-;1;2;-;1;18
"430420 Candelária";2;49;-;17;2;7;-;-;81;34;10;1;2;6;-;4;5;15;36;271
"430430 Cândido Godói";-;9;-;2;-;3;-;-;36;6;2;-;-;2;-;-;-;1;4;65
"430435 Candiota";1;17;1;5;2;-;-;-;9;3;3;-;-;1;-;-;-;-;10;52
"430440 Canela";11;62;3;12;4;9;-;-;85;35;25;-;3;3;-;5;2;2;24;285
"430450 Canguçu";11;127;2;27;3;10;-;-;206;50;20;-;2;6;-;2;6;33;33;538
"430460 Canoas";158;456;17;117;11;62;-;-;677;454;127;7;12;72;2;32;18;97;259;2578
"430461 Canudos do Vale";-;1;-;-;-;-;-;-;5;3;-;1;-;-;-;-;-;1;2;13
"430462 Capão Bonito do Sul";-;3;-;2;-;1;-;-;7;2;1;-;-;-;-;-;-;1;-;17
"430463 Capão da Canoa";13;51;1;24;2;11;-;-;93;51;8;2;-;13;1;2;5;13;39;329
"430465 Capão do Cipó";-;5;-;-;-;-;-;-;10;2;2;-;-;1;-;1;-;1;1;23
"430466 Capão do Leão";3;30;3;8;-;6;-;-;68;25;10;-;-;6;-;4;-;20;19;202
"430468 Capela de Santana";1;18;-;3;-;3;-;-;13;4;4;-;-;-;-;-;-;5;7;58
"430469 Capitão";1;9;-;-;-;1;-;-;9;7;-;-;-;-;-;1;1;-;1;30
"430467 Capivari do Sul";-;1;-;1;-;1;-;-;11;2;1;-;-;2;-;-;1;2;3;25
"430471 Caraá";-;11;1;1;1;-;-;-;19;8;1;-;-;2;-;1;-;1;3;49
"430470 Carazinho";14;103;2;33;1;21;-;-;158;77;29;3;6;13;-;8;3;22;51;544
"430480 Carlos Barbosa";6;32;1;11;-;4;-;-;53;20;9;-;-;3;-;3;5;5;8;160
"430485 Carlos Gomes";1;3;-;1;-;1;-;-;6;1;2;-;-;-;-;-;-;-;1;16
"430490 Casca";2;9;1;6;-;4;-;-;25;10;1;-;-;-;-;1;-;1;5;65
"430495 Caseiros";-;6;-;2;-;-;-;-;3;6;-;-;-;-;-;-;1;1;-;19
"430500 Catuípe";3;19;-;9;1;2;-;-;18;10;1;-;-;-;1;1;-;6;4;75
"430510 Caxias do Sul";102;591;16;144;40;120;-;1;614;325;128;10;18;60;2;52;27;37;306;2593
"430511 Centenário";1;4;-;4;-;-;-;-;8;1;2;-;-;1;-;-;-;-;1;22
"430512 Cerrito";1;7;-;2;-;-;-;-;15;7;-;-;-;1;-;-;1;9;5;48
"430513 Cerro Branco";-;11;-;-;-;-;-;-;11;6;2;-;1;-;-;-;-;2;3;36
"430515 Cerro Grande";1;4;-;-;-;-;-;-;3;3;-;-;-;-;-;-;-;3;3;17
"430517 Cerro Grande do Sul";1;6;-;6;1;1;-;-;12;8;2;1;-;-;-;2;-;9;7;56
"430520 Cerro Largo";4;19;-;5;1;-;-;-;41;18;4;1;-;3;-;1;-;4;4;105
"430530 Chapada";2;23;-;10;-;2;-;-;22;15;2;-;-;1;-;-;1;2;8;88
"430535 Charqueadas";16;56;-;17;-;3;-;-;74;34;15;-;1;5;-;-;3;3;17;244
"430537 Charrua";-;8;-;2;2;1;-;-;5;4;2;-;-;2;-;1;-;1;3;31
"430540 Chiapetta";-;7;-;-;-;-;-;-;10;3;2;-;-;-;-;-;-;1;1;24
"430543 Chuí";-;1;-;-;-;1;-;-;3;4;-;-;-;-;-;-;-;4;2;15
"430544 Chuvisca";1;6;-;1;1;-;-;-;7;11;2;-;-;1;-;1;-;1;-;32
"430545 Cidreira";5;25;2;6;-;4;-;-;38;19;5;-;1;3;1;-;3;17;14;143
"430550 Ciríaco";-;6;-;1;-;2;-;-;10;2;1;-;-;1;-;-;-;1;6;30
"430558 Colinas";-;5;-;-;-;-;-;-;8;3;-;-;-;1;-;-;-;1;4;22
"430560 Colorado";1;4;-;1;-;2;-;-;16;4;2;-;1;-;-;-;-;1;1;33
"430570 Condor";-;6;-;-;-;1;-;-;6;1;1;-;-;-;-;-;-;-;7;22
"430580 Constantina";3;26;-;2;1;1;-;-;15;7;5;-;1;-;-;1;-;-;9;71
"430583 Coqueiro Baixo";2;7;-;-;-;1;-;-;2;2;-;-;-;1;-;-;-;-;2;17
"430585 Coqueiros do Sul";-;3;-;1;-;1;-;-;4;4;-;-;-;2;-;-;-;1;-;16
"430587 Coronel Barros";-;7;-;1;-;2;-;-;5;7;2;-;-;1;-;-;-;1;2;28
"430590 Coronel Bicaco";1;12;-;3;-;-;-;-;26;9;7;-;-;-;1;1;-;2;9;71
"430593 Coronel Pilar";-;4;-;1;-;1;-;-;2;2;-;-;-;-;-;-;-;3;2;15
"430595 Cotiporã";-;12;-;5;1;1;-;-;8;5;-;-;-;-;-;1;-;-;3;36
"430597 Coxilha";-;3;-;2;-;2;-;-;3;1;3;-;-;2;-;-;-;-;3;19
"430600 Crissiumal";4;28;-;7;1;1;-;-;43;15;5;-;-;1;-;-;-;4;10;119
"430605 Cristal";-;14;-;5;-;1;-;-;13;2;-;-;-;-;-;1;-;2;5;43
"430607 Cristal do Sul";-;4;-;2;-;1;-;-;2;3;2;-;-;-;-;-;1;1;4;20
"430610 Cruz Alta";20;130;2;51;5;15;-;-;177;55;35;1;4;15;-;13;6;15;40;584
"430613 Cruzaltense";1;5;-;1;-;-;-;-;5;1;-;-;-;-;-;-;-;-;-;13
"430620 Cruzeiro do Sul";2;19;-;7;1;6;-;-;31;17;6;-;-;4;1;-;1;2;5;102
"430630 David Canabarro";-;2;-;2;-;2;-;-;12;4;1;-;-;-;-;-;-;1;4;28
"430632 Derrubadas";-;6;-;-;-;2;-;-;10;7;2;-;-;1;-;1;-;-;1;30
"430635 Dezesseis de Novembro";-;7;-;1;1;2;-;-;11;3;-;-;-;1;-;-;1;-;1;28
"430637 Dilermando de Aguiar";1;9;-;-;1;2;-;-;8;1;1;-;-;-;-;-;-;3;3;29
"430640 Dois Irmãos";1;31;1;3;2;4;-;-;32;25;6;1;-;1;-;-;-;3;13;123
"430642 Dois Irmãos das Missões";-;4;-;-;-;-;-;-;4;5;-;-;-;-;-;-;-;-;1;14
"430645 Dois Lajeados";-;9;-;1;1;-;-;-;7;4;1;-;-;-;-;-;-;-;5;28
"430650 Dom Feliciano";1;25;-;9;-;-;-;-;20;17;3;-;-;2;-;-;1;1;6;85
"430660 Dom Pedrito";12;80;1;32;-;8;-;-;136;31;15;-;-;3;-;8;2;2;24;354
"430655 Dom Pedro de Alcântara";-;5;-;1;-;-;-;-;4;3;1;-;-;1;-;-;-;-;2;17
"430670 Dona Francisca";-;8;-;2;-;-;-;-;6;2;3;-;-;2;-;-;-;1;1;25
"430673 Doutor Maurício Cardoso";2;13;2;7;1;-;-;-;17;10;3;-;-;3;-;-;-;1;8;67
"430675 Doutor Ricardo";-;4;-;-;-;-;-;-;6;2;1;-;-;-;-;-;1;-;1;15
"430676 Eldorado do Sul";9;46;-;12;1;5;-;-;58;20;12;-;1;1;-;6;4;11;24;210
"430680 Encantado";2;44;-;9;-;4;-;-;43;17;4;-;-;1;-;-;2;7;14;147
"430690 Encruzilhada do Sul";2;49;4;10;3;2;-;-;76;52;6;1;2;5;-;1;2;18;23;256
"430692 Engenho Velho";-;2;-;-;-;-;-;-;2;3;-;-;-;-;-;1;-;-;2;10
"430695 Entre Rios do Sul";1;5;-;2;-;1;-;-;8;1;2;-;-;-;-;-;-;1;3;24
"430693 Entre-Ijuís";3;11;-;3;1;-;-;-;10;18;3;-;1;1;1;2;-;6;5;65
"430697 Erebango";-;4;-;1;-;1;-;-;8;1;1;-;-;-;-;-;-;2;3;21
"430700 Erechim";32;122;2;31;9;27;-;-;124;86;45;1;3;15;-;8;6;39;71;621
"430705 Ernestina";-;7;1;1;-;1;-;-;14;3;1;-;-;-;-;-;-;1;4;33
"430720 Erval Grande";1;6;-;3;-;-;-;-;14;4;3;-;-;-;-;-;-;-;8;39
"430730 Erval Seco";-;8;-;-;-;-;-;-;23;9;2;-;-;2;-;-;-;1;5;50
"430740 Esmeralda";1;6;-;1;1;1;-;-;10;3;1;-;-;-;1;-;-;1;4;30
"430745 Esperança do Sul";-;7;-;3;-;-;-;-;11;3;2;-;-;-;-;-;1;2;2;31
"430750 Espumoso";-;30;-;9;1;8;-;-;28;35;10;-;-;3;-;1;1;1;8;135
"430755 Estação";1;7;-;4;-;6;-;-;13;4;2;-;-;1;-;-;-;2;3;43
"430760 Estância Velha";11;69;1;13;5;6;-;-;60;51;15;-;2;2;-;5;2;16;29;287
"430770 Esteio";29;130;7;39;2;17;-;-;130;76;34;2;1;10;1;8;5;46;60;597
"430780 Estrela";2;56;2;6;4;6;-;-;55;51;7;-;4;9;1;5;-;1;8;217
"430781 Estrela Velha";-;5;1;2;-;1;-;-;6;6;2;-;-;-;-;-;-;1;5;29
"430783 Eugênio de Castro";2;6;-;2;-;-;-;-;5;8;1;-;-;-;-;-;-;-;2;26
"430786 Fagundes Varela";1;5;-;3;-;1;-;-;6;4;1;-;-;2;-;-;-;-;-;23
"430790 Farroupilha";18;76;3;15;3;13;-;-;100;39;23;2;4;8;-;4;3;3;47;361
"430800 Faxinal do Soturno";-;12;1;2;2;-;-;-;13;5;4;-;-;1;-;-;-;1;6;47
"430805 Faxinalzinho";-;2;-;2;-;1;-;-;5;-;-;-;-;1;-;-;-;-;-;11
"430807 Fazenda Vilanova";3;7;-;-;-;-;-;-;5;4;1;-;-;2;-;1;-;1;7;31
"430810 Feliz";6;22;1;1;1;3;-;-;22;10;5;-;3;2;-;1;-;-;10;87
"430820 Flores da Cunha";5;41;-;11;-;12;-;-;39;32;5;-;2;2;-;1;2;5;21;178
"430825 Floriano Peixoto";-;4;-;-;-;3;-;-;3;-;1;-;-;1;-;-;1;2;4;19
"430830 Fontoura Xavier";1;13;-;4;-;1;-;-;23;6;7;-;-;1;-;1;-;3;4;64
"430840 Formigueiro";4;23;-;2;2;3;-;-;25;9;5;-;1;4;-;-;1;6;3;88
"430843 Forquetinha";-;2;-;-;-;-;-;-;13;4;-;-;-;1;-;-;-;-;-;20
"430845 Fortaleza dos Valos";1;11;-;-;-;2;-;-;7;3;1;-;-;1;-;-;-;3;2;31
"430850 Frederico Westphalen";7;38;2;14;-;8;-;-;40;32;6;-;1;3;-;4;1;7;20;183
"430860 Garibaldi";5;57;1;4;1;10;-;-;56;21;13;-;-;10;-;2;2;14;17;213
"430865 Garruchos";-;3;-;1;-;-;-;-;5;4;2;-;-;-;-;-;-;2;5;22
"430870 Gaurama";1;11;-;4;-;1;-;-;10;5;5;-;-;2;-;-;-;2;2;43
"430880 General Câmara";2;22;-;5;-;1;-;-;22;16;2;-;1;-;-;-;-;1;5;77
"430885 Gentil";1;-;-;-;-;-;-;-;2;2;-;-;-;-;-;-;-;-;2;7
"430890 Getúlio Vargas";7;25;3;9;2;2;-;-;45;20;4;-;-;2;-;-;-;1;16;136
"430900 Giruá";3;29;-;6;4;3;-;-;45;24;19;-;-;4;-;-;-;13;4;154
"430905 Glorinha";-;8;-;1;-;1;-;-;15;10;4;-;-;-;-;-;-;4;1;44
"430910 Gramado";2;63;-;13;1;3;-;-;46;32;10;-;1;6;-;2;-;9;14;202
"430912 Gramado dos Loureiros";-;1;-;1;-;-;-;-;4;1;1;-;1;1;-;-;-;1;2;13
"430915 Gramado Xavier";1;5;-;2;-;-;-;-;6;3;-;-;-;-;-;-;-;1;7;25
"430920 Gravataí";87;351;4;79;8;40;-;-;499;279;100;3;4;39;-;17;10;98;184;1802
"430925 Guabiju";-;3;-;1;-;1;-;-;3;1;1;-;-;1;-;-;-;1;1;13
"430930 Guaíba";42;150;4;32;2;19;-;-;205;101;32;6;2;12;-;7;7;42;84;747
"430940 Guaporé";2;35;1;7;1;7;-;-;38;20;3;-;-;5;-;5;-;-;17;141
"430950 Guarani das Missões";1;17;-;3;-;1;-;-;37;8;2;-;-;1;-;-;-;5;9;84
"430955 Harmonia";2;7;-;1;-;1;-;-;4;3;1;-;-;-;-;-;1;4;4;28
"430710 Herval";1;14;1;1;-;5;-;-;15;17;1;-;-;-;-;2;-;1;4;62
"430957 Herveiras";-;6;1;2;-;1;-;-;3;1;2;-;-;-;-;-;-;3;3;22
"430960 Horizontina";6;27;1;16;4;5;-;-;46;4;10;-;1;2;-;1;3;12;9;147
"430965 Hulha Negra";1;10;-;2;-;2;-;-;9;3;2;-;-;-;-;-;1;2;4;36
"430970 Humaitá";-;7;-;6;-;2;-;-;7;2;-;-;-;-;-;1;-;8;4;37
"430975 Ibarama";-;7;-;2;-;-;-;-;6;-;2;1;-;-;-;-;-;1;8;27
"430980 Ibiaçá";2;10;-;4;-;3;-;-;13;4;1;-;1;-;-;-;-;-;4;42
"430990 Ibiraiaras";-;18;-;3;-;4;-;-;23;6;4;-;-;2;-;-;1;2;6;69
"430995 Ibirapuitã";2;6;-;1;-;1;-;-;7;7;-;-;-;1;-;1;-;2;3;31
"431000 Ibirubá";6;42;2;6;-;5;-;-;39;17;6;-;1;5;-;2;1;2;21;155
"431010 Igrejinha";7;52;1;14;2;6;-;-;78;22;2;-;-;7;-;4;2;17;21;235
"431020 Ijuí";13;152;5;27;1;38;-;-;187;81;22;2;-;12;-;7;4;31;48;630
"431030 Ilópolis";-;9;1;4;-;1;-;-;6;5;1;-;1;-;-;-;-;-;1;29
"431033 Imbé";8;35;1;15;3;8;-;-;53;30;9;-;1;9;-;3;1;8;22;206
"431036 Imigrante";-;9;-;1;-;2;-;-;9;5;2;-;-;2;-;-;-;3;1;34
"431040 Independência";1;12;1;2;1;-;-;-;20;7;2;-;-;1;-;-;2;3;4;56
"431041 Inhacorá";-;1;-;2;-;1;-;-;2;1;3;-;-;-;-;-;-;-;-;10
"431043 Ipê";1;14;1;5;1;1;-;-;16;5;4;-;-;-;-;-;2;-;4;54
"431046 Ipiranga do Sul";-;8;-;-;-;-;-;-;7;-;-;-;-;-;-;-;-;-;1;16
"431050 Iraí";2;13;-;1;-;1;-;-;20;7;2;-;-;3;-;2;-;6;5;62
"431053 Itaara";-;5;-;2;-;2;-;-;12;1;-;-;-;-;-;-;-;4;9;35
"431055 Itacurubi";-;3;-;1;-;-;-;-;5;2;-;-;-;-;-;-;-;2;-;13
"431057 Itapuca";-;3;-;-;-;2;-;-;6;4;-;-;-;1;-;-;-;-;4;20
"431060 Itaqui";13;59;-;14;2;5;-;-;90;25;19;-;-;9;-;4;1;34;18;293
"431065 Itati";-;7;-;1;-;3;-;-;7;4;-;-;-;-;-;-;-;1;6;29
"431070 Itatiba do Sul";1;6;-;-;-;2;-;-;7;6;1;-;-;2;-;1;-;-;4;30
"431075 Ivorá";1;5;-;1;1;1;-;-;5;1;-;-;-;-;-;-;-;-;1;16
"431080 Ivoti";8;31;-;6;2;6;-;-;33;16;6;1;1;2;-;2;1;-;15;130
"431085 Jaboticaba";-;6;-;2;-;1;-;-;10;4;1;-;-;-;-;-;1;-;3;28
"431087 Jacuizinho";-;3;-;3;-;-;-;-;4;1;1;-;-;-;-;-;-;-;2;14
"431090 Jacutinga";1;3;-;4;-;2;-;-;5;3;4;-;-;2;-;-;-;1;1;26
"431100 Jaguarão";11;55;1;19;2;3;-;-;84;24;10;-;1;8;-;3;1;8;4;234
"431110 Jaguari";2;26;3;8;1;1;-;-;43;15;6;-;-;2;-;-;-;5;5;117
"431112 Jaquirana";-;9;-;3;1;1;-;-;11;6;1;-;-;1;-;-;1;-;2;36
"431113 Jari";1;7;-;1;-;-;-;-;9;4;-;-;-;-;-;-;-;5;-;27
"431115 Jóia";1;20;-;1;-;5;-;-;14;6;4;-;1;-;-;-;-;4;8;64
"431120 Júlio de Castilhos";7;36;-;16;5;6;-;1;41;21;3;1;-;6;-;1;1;10;17;172
"431123 Lagoa Bonita do Sul";-;2;-;-;1;-;-;-;6;4;1;-;-;-;-;-;-;-;1;15
"431127 Lagoa dos Três Cantos";1;1;-;4;-;1;-;-;5;2;-;-;-;-;-;-;-;-;-;14
"431130 Lagoa Vermelha";10;54;-;26;3;3;-;-;49;26;8;1;-;4;-;6;1;19;24;234
"431125 Lagoão";1;5;-;2;1;-;-;-;13;3;1;-;-;2;-;-;-;3;1;32
"431140 Lajeado";19;113;2;36;3;17;-;-;93;78;21;1;3;9;-;5;4;14;55;473
"431142 Lajeado do Bugre";-;1;-;-;-;-;-;-;6;3;-;-;-;-;-;-;1;1;2;14
"431150 Lavras do Sul";1;26;4;5;1;3;-;-;18;9;3;-;-;-;-;2;-;1;2;75
"431160 Liberato Salzano";2;10;-;2;-;1;-;-;12;7;2;-;-;-;-;2;1;2;3;44
"431162 Lindolfo Collor";-;3;1;-;-;1;-;-;9;10;3;-;-;-;-;-;1;1;2;31
"431164 Linha Nova";-;3;-;-;-;-;-;-;7;5;-;-;-;1;-;-;-;-;2;18
"431171 Maçambará";2;5;-;1;1;-;-;-;4;2;-;-;-;1;-;-;-;1;1;18
"431170 Machadinho";1;12;-;1;-;3;-;-;14;3;3;-;-;-;-;-;1;-;8;46
"431173 Mampituba";-;3;-;-;1;1;-;-;10;2;2;-;-;-;-;1;-;1;4;25
"431175 Manoel Viana";2;9;1;4;-;2;-;-;17;8;5;-;-;1;-;-;-;1;5;55
"431177 Maquiné";-;11;-;7;1;3;-;-;21;2;1;-;-;-;1;-;-;7;2;56
"431179 Maratá";-;7;-;1;-;-;-;-;3;2;1;-;-;-;-;-;-;1;1;16
"431180 Marau";5;51;-;10;1;4;-;-;57;37;10;-;1;3;-;4;1;2;29;215
"431190 Marcelino Ramos";1;13;1;1;3;4;-;-;15;3;5;-;-;1;-;-;-;-;2;49
"431198 Mariana Pimentel";-;9;-;2;-;-;-;-;17;5;2;-;-;-;-;-;-;1;2;38
"431200 Mariano Moro";-;2;2;1;-;1;-;-;7;4;-;-;-;-;-;-;-;2;2;21
"431205 Marques de Souza";1;10;-;4;-;-;-;-;19;3;2;-;-;-;-;-;-;-;4;43
"431210 Mata";2;3;-;1;4;-;-;-;22;6;3;-;-;2;-;-;-;2;3;48
"431213 Mato Castelhano";1;5;-;1;-;-;-;-;2;3;-;-;-;1;-;-;1;-;1;15
"431215 Mato Leitão";3;3;-;5;-;-;-;-;3;5;2;-;-;1;-;1;1;1;4;29
"431217 Mato Queimado";1;5;1;2;-;1;-;-;4;1;1;-;-;-;-;-;-;2;1;19
"431220 Maximiliano de Almeida";1;8;-;4;-;-;-;-;12;4;1;-;-;-;-;-;-;-;5;35
"431225 Minas do Leão";5;9;-;3;-;1;-;-;27;6;3;-;-;3;1;1;-;-;8;67
"431230 Miraguaí";1;16;-;1;1;-;-;-;6;8;2;1;-;-;-;1;-;-;3;40
"431235 Montauri";-;1;-;-;-;-;-;-;4;-;-;-;-;-;-;-;-;1;2;8
"431237 Monte Alegre dos Campos";-;1;-;1;-;1;-;-;6;1;2;-;-;-;-;-;-;1;1;14
"431238 Monte Belo do Sul";1;8;-;1;-;1;-;-;6;3;1;-;-;-;-;-;-;1;1;23
"431240 Montenegro";33;97;1;30;7;15;-;-;112;63;12;1;-;12;-;6;2;22;42;455
"431242 Mormaço";-;5;-;3;1;2;-;-;3;4;1;-;-;1;-;-;-;-;1;21
"431244 Morrinhos do Sul";-;2;-;-;-;-;-;-;8;2;-;-;-;2;-;-;-;-;2;16
"431245 Morro Redondo";3;15;2;3;-;3;-;-;15;5;1;-;-;3;-;-;-;2;4;56
"431247 Morro Reuter";-;8;-;1;-;1;-;-;7;4;1;-;-;-;-;1;-;3;3;29
"431250 Mostardas";1;21;-;6;1;3;-;-;33;7;2;-;-;2;-;1;-;4;9;90
"431260 Muçum";-;17;-;3;-;-;-;-;14;8;1;-;-;-;-;-;-;1;4;48
"431261 Muitos Capões";-;6;-;1;-;1;-;-;10;3;-;-;-;-;-;1;-;-;5;27
"431262 Muliterno";-;3;-;1;-;-;-;-;1;1;-;-;1;-;-;-;-;-;2;9
"431265 Não-Me-Toque";2;37;-;8;1;8;-;-;36;21;4;-;1;2;-;2;-;3;13;138
"431267 Nicolau Vergueiro";1;4;-;1;-;-;-;-;4;3;-;-;-;-;-;-;-;-;2;15
"431270 Nonoai";-;13;1;4;-;2;-;-;22;17;5;-;1;4;-;1;-;3;15;88
"431275 Nova Alvorada";-;3;-;1;-;1;-;-;3;3;1;-;-;1;-;2;-;2;3;20
"431280 Nova Araçá";-;3;-;2;-;-;-;-;8;1;-;-;-;-;-;-;-;-;3;17
"431290 Nova Bassano";1;15;-;2;-;2;-;-;14;5;2;-;-;1;-;2;-;-;4;48
"431295 Nova Boa Vista";-;3;-;2;-;-;-;-;6;4;-;-;-;-;-;-;-;-;-;15
"431300 Nova Bréscia";-;8;-;1;1;2;-;-;17;5;2;-;1;-;-;-;-;1;1;39
"431301 Nova Candelária";1;9;-;-;-;1;-;-;7;6;-;1;-;-;-;1;-;1;6;33
"431303 Nova Esperança do Sul";-;9;-;2;1;1;-;-;7;7;1;-;-;-;-;1;-;2;4;35
"431306 Nova Hartz";1;23;-;1;-;1;-;-;20;9;7;-;-;1;-;1;1;14;11;90
"431308 Nova Pádua";-;7;-;1;-;1;-;-;5;1;-;-;-;1;-;-;-;-;-;16
"431310 Nova Palma";1;9;1;6;-;1;-;-;11;4;1;-;-;1;-;-;-;2;7;44
"431320 Nova Petrópolis";6;28;-;6;2;4;-;-;63;41;11;-;1;2;-;-;-;6;11;181
"431330 Nova Prata";12;29;1;6;-;2;-;-;24;21;4;-;1;5;-;3;1;21;20;150
"431333 Nova Ramada";1;4;-;1;-;-;-;-;7;1;-;-;-;-;-;-;-;-;-;14
"431335 Nova Roma do Sul";-;6;1;-;-;3;-;-;6;1;2;-;-;1;-;-;-;1;1;22
"431337 Nova Santa Rita";11;23;1;6;-;3;-;-;27;23;11;-;-;-;-;2;1;14;13;135
"431349 Novo Barreiro";-;2;-;5;-;-;-;-;4;4;2;-;-;-;-;-;-;-;1;18
"431339 Novo Cabrais";-;7;1;1;-;-;-;-;8;7;2;-;-;-;-;-;1;1;3;31
"431340 Novo Hamburgo";85;310;11;88;22;45;-;-;380;268;61;3;7;37;-;14;15;147;175;1668
"431342 Novo Machado";1;10;-;1;-;3;-;-;13;4;3;-;1;4;-;-;-;2;1;43
"431344 Novo Tiradentes";-;6;-;2;-;2;-;-;7;1;1;-;-;1;-;-;-;-;1;21
"431346 Novo Xingu";-;3;-;-;-;-;-;-;4;-;-;-;-;-;-;-;-;-;-;7
"431350 Osório";7;60;1;17;1;12;-;-;100;43;24;-;1;15;-;4;2;19;29;335
"431360 Paim Filho";-;2;-;-;-;4;-;-;19;6;1;-;-;-;-;-;-;-;5;37
"431365 Palmares do Sul";7;22;-;15;2;3;-;-;33;9;4;-;1;1;-;1;-;1;8;107
"431370 Palmeira das Missões";8;51;-;23;2;5;-;-;81;42;13;1;2;8;-;2;5;11;23;277
"431380 Palmitinho";2;7;-;2;2;-;-;-;7;9;3;-;-;-;-;1;-;3;9;45
"431390 Panambi";6;55;2;22;4;10;-;-;78;38;14;-;-;11;-;4;3;10;22;279
"431395 Pantano Grande";1;22;-;3;2;1;-;-;31;7;4;-;-;2;-;-;-;6;7;86
"431400 Paraí";2;9;-;2;1;1;-;-;8;2;3;-;-;1;-;-;-;2;8;39
"431402 Paraíso do Sul";-;8;-;9;2;-;-;-;29;7;6;-;-;1;-;-;-;8;5;75
"431403 Pareci Novo";-;1;-;4;-;2;-;-;7;7;2;-;-;-;-;1;-;3;3;30
"431405 Parobé";13;68;-;21;2;5;-;-;80;29;14;-;-;2;-;3;6;30;35;308
"431406 Passa Sete";-;2;-;2;1;-;-;-;13;5;-;-;-;-;-;-;-;1;6;30
"431407 Passo do Sobrado";2;9;-;1;1;-;-;-;14;10;3;-;1;2;-;1;1;2;4;51
"431410 Passo Fundo";57;271;6;62;14;61;-;-;370;225;49;-;11;35;3;19;16;12;157;1368
"431413 Paulo Bento";1;7;-;1;-;-;-;-;6;2;3;-;-;-;-;-;-;-;-;20
"431415 Paverama";1;14;-;4;-;-;-;-;22;11;2;-;-;1;-;-;-;1;4;60
"431417 Pedras Altas";-;1;1;-;-;-;-;-;7;2;2;-;-;-;-;-;-;2;-;15
"431420 Pedro Osório";1;13;-;3;-;1;-;-;26;14;2;-;-;3;-;1;-;12;7;83
"431430 Pejuçara";2;5;-;1;-;-;-;-;13;1;4;-;-;1;-;-;-;2;3;32
"431440 Pelotas";110;613;14;150;13;67;-;-;703;398;122;13;10;87;1;27;10;389;209;2936
"431442 Picada Café";2;7;-;3;1;2;-;-;5;5;2;-;-;2;1;-;-;-;2;32
"431445 Pinhal";-;7;1;-;-;-;-;-;8;2;2;-;-;-;-;1;-;3;-;24
"431446 Pinhal da Serra";-;2;-;1;-;-;-;-;2;2;-;-;-;1;-;1;-;-;1;10
"431447 Pinhal Grande";1;5;-;-;2;-;-;-;11;3;2;-;-;-;-;-;-;1;1;26
"431449 Pinheirinho do Vale";2;4;-;1;-;2;-;-;13;5;-;-;-;-;-;-;1;-;3;31
"431450 Pinheiro Machado";2;26;-;13;1;2;-;-;47;16;4;1;-;4;-;-;1;7;6;130
"431454 Pinto Bandeira";-;6;-;1;-;-;-;-;3;3;2;-;-;1;-;1;-;2;2;21
"431455 Pirapó";-;1;-;2;-;-;-;-;9;4;1;-;-;1;-;-;-;-;5;23
"431460 Piratini";4;48;-;9;-;3;-;-;60;23;2;-;1;3;-;1;-;8;4;166
"431470 Planalto";2;13;1;2;-;3;-;-;16;13;3;-;-;2;-;-;-;3;12;70
"431475 Poço das Antas";-;5;-;-;-;2;-;-;7;2;1;-;-;-;-;-;-;-;-;17
"431477 Pontão";2;8;-;4;-;-;-;-;4;5;1;-;-;1;-;-;-;-;1;26
"431478 Ponte Preta";-;6;-;1;-;-;-;-;3;1;1;-;-;1;-;1;-;1;-;15
"431480 Portão";5;44;1;14;1;4;-;-;66;22;10;-;-;2;-;1;1;11;23;205
"431490 Porto Alegre";694;2780;19;702;83;693;-;-;3201;1097;482;23;64;173;12;99;66;349;1095;11632
"431500 Porto Lucena";-;13;-;4;-;2;-;-;27;7;-;-;-;-;1;1;-;3;4;62
"431505 Porto Mauá";1;10;-;2;-;-;-;-;5;3;1;-;-;-;-;-;-;-;-;22
"431507 Porto Vera Cruz";-;4;-;1;1;-;-;-;7;1;1;-;1;-;-;-;-;1;1;18
"431510 Porto Xavier";2;12;1;6;1;1;-;-;25;10;1;-;1;1;-;-;-;5;9;75
"431513 Pouso Novo";-;6;-;-;-;-;-;-;4;-;-;-;-;-;-;-;-;-;-;10
"431514 Presidente Lucena";-;2;-;2;-;-;-;-;7;3;1;-;-;-;-;-;-;-;2;17
"431515 Progresso";1;11;-;2;-;2;-;-;14;7;1;-;2;-;-;-;-;-;6;46
"431517 Protásio Alves";-;4;-;1;-;-;-;-;5;3;1;-;1;-;-;-;-;1;1;17
"431520 Putinga";-;7;1;3;-;-;-;-;14;2;-;-;-;1;-;1;-;-;4;33
"431530 Quaraí";3;38;1;19;2;9;-;-;58;22;6;-;2;3;-;2;-;9;9;183
"431531 Quatro Irmãos";-;1;-;-;-;1;-;-;2;-;-;-;-;-;-;-;1;-;-;5
"431532 Quevedos";-;3;-;-;-;1;-;-;3;2;-;-;-;-;-;-;-;1;2;12
"431535 Quinze de Novembro";-;6;-;4;-;2;-;-;10;3;2;-;-;1;-;-;-;-;2;30
"431540 Redentora";2;16;-;1;-;2;-;-;18;14;3;-;-;1;-;2;1;5;6;71
"431545 Relvado";-;7;-;1;-;-;-;-;3;8;1;-;-;2;-;-;-;1;-;23
"431550 Restinga Seca";3;29;1;10;-;4;-;-;50;18;4;-;2;-;-;1;2;7;8;139
"431555 Rio dos Índios";1;6;-;-;1;-;-;-;11;3;-;-;-;1;-;-;-;1;-;24
"431560 Rio Grande";98;426;2;84;14;64;-;-;467;201;80;3;6;51;5;16;14;86;145;1762
"431570 Rio Pardo";9;47;1;15;2;6;-;-;152;20;10;1;-;10;1;1;2;31;20;328
"431575 Riozinho";-;7;-;4;-;1;-;-;7;1;1;-;-;1;-;-;1;-;2;25
"431580 Roca Sales";1;28;-;2;1;2;-;-;29;13;3;1;-;2;-;2;1;2;5;92
"431590 Rodeio Bonito";-;9;-;3;-;1;-;-;9;7;1;-;-;1;-;-;-;4;-;35
"431595 Rolador";-;5;-;2;-;-;-;-;9;4;2;-;-;-;-;-;-;-;-;22
"431600 Rolante";-;43;-;13;1;1;-;-;35;22;6;-;1;3;-;1;2;4;21;153
"431610 Ronda Alta";1;15;-;4;-;5;-;-;21;14;5;-;1;1;-;-;-;-;4;71
"431620 Rondinha";3;6;1;-;-;-;-;-;12;4;2;-;-;-;-;-;1;-;9;38
"431630 Roque Gonzales";2;14;-;2;-;2;-;-;20;7;1;1;2;-;-;-;-;-;4;55
"431640 Rosário do Sul";28;84;1;23;1;12;-;-;116;52;17;1;1;5;-;5;2;26;25;399
"431642 Sagrada Família";-;3;-;1;-;-;-;-;7;3;1;1;-;-;-;1;-;-;2;19
"431643 Saldanha Marinho";1;7;-;2;-;2;-;-;7;5;2;-;-;-;-;1;-;1;3;31
"431645 Salto do Jacuí";-;14;-;3;1;4;-;-;32;10;2;-;-;2;1;-;-;2;11;82
"431647 Salvador das Missões";-;6;-;-;-;-;-;-;8;1;-;-;-;-;-;-;-;-;-;15
"431650 Salvador do Sul";-;10;-;3;-;-;-;-;13;2;4;-;1;3;-;1;-;1;4;42
"431660 Sananduva";2;28;1;5;-;5;-;-;20;24;7;-;-;11;1;-;1;-;10;115
"431710 Sant'Ana do Livramento";27;157;4;47;17;14;-;-;223;99;31;-;1;12;-;9;7;51;45;744
"431670 Santa Bárbara do Sul";3;16;-;6;1;3;-;-;22;7;4;1;-;2;-;-;-;1;7;73
"431673 Santa Cecília do Sul";1;1;-;-;-;-;-;-;3;2;1;-;-;-;-;-;-;-;-;8
"431675 Santa Clara do Sul";-;14;-;3;1;4;-;-;23;11;-;-;-;-;-;-;-;1;11;68
"431680 Santa Cruz do Sul";17;230;3;79;7;27;-;-;295;109;39;3;3;33;-;11;10;5;92;963
"431697 Santa Margarida do Sul";-;2;-;-;-;-;-;-;7;1;-;-;-;-;-;-;-;1;1;12
"431690 Santa Maria";96;432;13;75;47;72;-;-;574;240;104;7;6;53;1;17;12;100;321;2170
"431695 Santa Maria do Herval";3;12;1;1;-;-;-;-;12;9;2;-;-;2;-;-;1;2;3;48
"431720 Santa Rosa";12;97;1;23;8;10;-;-;138;93;25;1;-;12;1;3;4;14;32;474
"431725 Santa Tereza";-;5;-;2;-;-;-;-;10;1;-;-;-;-;-;-;-;1;-;19
"431730 Santa Vitória do Palmar";6;75;-;13;-;4;-;-;78;33;10;-;-;2;-;2;3;32;27;285
"431700 Santana da Boa Vista";1;27;-;4;2;1;-;-;27;14;5;-;1;3;-;-;1;11;7;104
"431740 Santiago";8;96;-;14;4;4;-;-;150;77;19;-;1;7;-;4;1;6;19;410
"431750 Santo Ângelo";24;108;-;18;11;14;-;-;120;95;28;1;1;16;1;3;4;64;47;555
"431760 Santo Antônio da Patrulha";10;49;2;25;2;9;-;-;82;70;15;-;-;16;1;2;4;2;32;321
"431770 Santo Antônio das Missões";2;21;-;6;-;5;-;-;28;14;7;-;-;1;-;-;1;3;7;95
"431755 Santo Antônio do Palma";-;3;-;1;-;-;-;-;4;3;-;-;-;-;-;-;1;-;2;14
"431775 Santo Antônio do Planalto";-;5;-;-;-;-;-;-;3;2;2;-;-;-;-;-;1;1;1;15
"431780 Santo Augusto";1;26;-;11;-;3;-;-;32;12;3;-;-;1;-;-;2;5;14;110
"431790 Santo Cristo";1;25;-;11;-;4;-;-;38;8;5;1;-;2;-;-;-;6;9;110
"431795 Santo Expedito do Sul";-;9;1;-;-;-;-;-;5;1;-;-;-;-;-;-;-;-;1;17
"431800 São Borja";20;82;4;30;3;5;-;-;131;67;24;-;2;16;-;9;8;40;35;476
"431805 São Domingos do Sul";1;6;-;2;-;2;-;-;2;3;2;-;-;-;1;-;-;-;1;20
"431810 São Francisco de Assis";4;48;-;2;-;3;-;-;37;23;7;-;-;1;-;2;-;9;6;142
"431820 São Francisco de Paula";7;32;2;5;3;2;-;-;49;19;9;-;1;2;-;-;-;9;10;150
"431830 São Gabriel";11;142;-;23;2;14;-;-;175;64;28;1;1;14;1;3;4;21;37;541
"431840 São Jerônimo";9;41;1;10;-;2;-;-;55;26;12;-;-;9;-;2;1;8;9;185
"431842 São João da Urtiga";2;9;-;2;-;1;-;-;9;6;2;-;-;1;-;-;-;-;4;36
"431843 São João do Polêsine";-;14;-;2;-;1;-;-;10;4;1;-;-;1;-;-;-;-;2;35
"431844 São Jorge";-;8;-;1;-;1;-;-;4;4;2;-;-;1;-;-;-;1;1;23
"431845 São José das Missões";-;7;-;1;-;-;-;-;11;4;1;-;-;-;-;-;1;-;2;27
"431846 São José do Herval";-;2;-;-;1;-;-;-;4;5;3;-;-;-;-;-;-;1;5;21
"431848 São José do Hortêncio";1;4;-;1;-;1;-;-;8;4;-;-;-;-;-;-;-;1;2;22
"431849 São José do Inhacorá";-;7;-;1;-;2;-;-;7;2;3;-;-;1;-;-;-;-;3;26
"431850 São José do Norte";10;57;-;10;-;4;-;-;73;17;3;-;-;3;-;4;-;8;10;199
"431860 São José do Ouro";-;17;-;7;-;1;-;-;14;2;3;-;-;3;-;-;2;1;5;55
"431861 São José do Sul";1;5;-;1;-;-;-;-;7;-;-;-;-;2;-;-;-;4;1;21
"431862 São José dos Ausentes";-;4;-;-;-;-;-;-;3;1;-;-;-;-;-;-;-;-;4;12
"431870 São Leopoldo";90;288;8;79;5;42;-;-;379;194;69;1;5;41;2;16;10;96;162;1487
"431880 São Lourenço do Sul";2;84;1;29;4;6;-;-;153;40;12;1;2;4;-;1;1;8;15;363
"431890 São Luiz Gonzaga";7;70;-;18;3;1;-;-;99;52;14;1;1;6;-;2;2;5;22;303
"431900 São Marcos";6;30;1;7;3;7;-;-;37;14;9;-;3;3;1;1;2;4;7;135
"431910 São Martinho";1;20;1;2;1;-;-;-;12;6;3;-;-;-;-;1;1;5;8;61
"431912 São Martinho da Serra";2;8;-;1;-;2;-;-;12;1;1;-;-;2;-;-;-;1;2;32
"431915 São Miguel das Missões";1;14;-;2;-;1;-;-;12;8;1;-;-;2;-;-;1;4;2;48
"431920 São Nicolau";1;9;-;3;-;3;-;-;21;9;1;-;1;-;-;-;-;-;6;54
"431930 São Paulo das Missões";-;18;-;1;-;1;-;-;20;13;2;-;-;2;-;-;-;4;2;63
"431935 São Pedro da Serra";-;4;-;-;-;-;-;-;9;7;1;-;-;-;-;-;-;2;1;24
"431936 São Pedro das Missões";1;4;-;-;-;-;-;-;4;2;-;-;-;-;-;-;-;-;-;11
"431937 São Pedro do Butiá";-;7;1;-;-;2;-;-;4;2;-;-;-;-;-;-;-;-;1;17
"431940 São Pedro do Sul";1;42;-;1;2;7;-;-;44;20;13;-;-;1;-;1;1;2;10;145
"431950 São Sebastião do Caí";8;27;1;5;3;5;-;-;36;29;7;-;-;2;-;1;1;27;14;166
"431960 São Sepé";5;41;-;9;2;6;-;-;66;30;11;-;-;5;-;-;-;6;17;198
"431970 São Valentim";1;7;-;2;1;-;-;-;11;3;2;-;-;2;-;-;-;-;1;30
"431971 São Valentim do Sul";-;4;-;2;-;1;-;-;6;1;1;-;-;1;-;1;-;-;-;17
"431973 São Valério do Sul";-;4;-;3;1;-;-;-;7;4;-;-;-;-;-;-;-;2;-;21
"431975 São Vendelino";-;4;-;1;-;-;-;-;3;2;-;-;-;-;-;-;-;-;-;10
"431980 São Vicente do Sul";5;18;1;7;1;2;-;-;18;10;3;-;-;-;-;1;-;10;7;83
"431990 Sapiranga";16;86;1;23;6;7;-;-;111;59;27;2;2;3;2;6;8;34;53;446
"432000 Sapucaia do Sul";73;188;6;27;5;19;-;-;236;157;53;2;5;21;-;14;5;38;101;950
"432010 Sarandi";5;39;3;9;1;6;-;1;40;22;5;-;-;1;2;3;3;4;18;162
"432020 Seberi";2;19;-;3;2;2;-;-;26;13;5;1;-;1;-;-;-;3;10;87
"432023 Sede Nova";-;5;-;2;1;2;-;-;9;2;1;-;-;-;-;-;-;-;1;23
"432026 Segredo";-;7;1;1;-;-;-;-;25;9;2;-;-;-;-;1;-;2;6;54
"432030 Selbach";1;7;-;-;-;2;-;-;9;9;3;-;-;4;-;-;-;2;4;41
"432032 Senador Salgado Filho";1;6;-;1;-;-;-;-;6;2;-;1;-;-;-;-;-;-;2;19
"432035 Sentinela do Sul";-;7;-;2;-;2;-;-;14;6;1;-;-;-;-;-;1;7;3;43
"432040 Serafina Corrêa";3;20;-;2;1;1;-;-;14;17;-;-;-;-;-;-;-;1;10;69
"432045 Sério";-;2;-;1;-;-;-;-;3;5;-;-;-;-;-;-;-;-;-;11
"432050 Sertão";1;12;-;6;-;4;-;-;18;11;8;-;-;3;-;-;-;1;7;71
"432055 Sertão Santana";-;8;1;2;-;1;-;-;16;8;-;1;-;1;-;-;-;-;6;44
"432057 Sete de Setembro";-;4;-;-;-;-;-;-;4;6;1;-;-;-;-;-;1;-;2;18
"432060 Severiano de Almeida";-;8;1;-;1;-;-;-;5;2;3;-;-;-;-;1;-;-;5;26
"432065 Silveira Martins";-;7;-;-;-;-;-;-;7;2;-;-;1;1;-;1;-;1;4;24
"432067 Sinimbu";-;22;-;3;1;5;-;-;17;11;-;-;-;2;-;1;-;-;15;77
"432070 Sobradinho";3;27;1;6;2;-;-;-;47;12;7;-;1;1;-;-;-;8;8;123
"432080 Soledade";7;54;1;23;2;9;-;-;87;52;11;-;2;7;-;6;-;2;19;282
"432085 Tabaí";-;7;-;1;-;1;-;-;13;7;6;-;-;1;-;-;-;5;3;44
"432090 Tapejara";3;28;-;7;2;4;-;-;33;18;6;-;-;4;1;1;-;2;13;122
"432100 Tapera";1;16;1;3;-;2;-;-;21;8;2;-;-;3;-;2;1;2;4;66
"432110 Tapes";8;40;1;7;1;4;-;-;43;28;6;-;1;-;-;3;1;4;14;161
"432120 Taquara";18;73;2;24;2;16;-;-;111;52;22;-;4;8;-;2;2;47;50;433
"432130 Taquari";9;39;1;15;-;7;-;-;74;31;13;-;1;7;-;1;2;6;17;223
"432132 Taquaruçu do Sul";-;4;-;2;-;1;-;-;3;4;2;-;-;-;-;-;1;-;3;20
"432135 Tavares";1;21;-;6;-;2;-;-;10;4;-;-;-;1;-;-;-;1;5;51
"432140 Tenente Portela";3;14;-;8;-;4;-;-;23;14;4;-;-;4;-;2;2;9;5;92
"432143 Terra de Areia";5;10;-;2;1;1;-;-;15;11;6;-;-;3;-;1;1;15;8;79
"432145 Teutônia";5;41;-;7;1;2;-;-;67;25;10;-;1;6;-;2;1;5;7;180
"432146 Tio Hugo";-;5;-;2;-;-;-;-;5;3;-;-;-;1;-;-;-;-;4;20
"432147 Tiradentes do Sul";2;14;-;1;-;-;-;-;11;11;2;-;-;2;-;-;-;11;2;56
"432149 Toropi";-;8;-;-;-;1;-;-;7;3;1;-;-;-;-;-;-;1;2;23
"432150 Torres";5;54;1;15;-;8;-;-;79;27;14;1;1;8;-;1;2;3;28;247
"432160 Tramandaí";25;67;1;33;3;6;-;-;132;42;22;-;-;14;2;-;1;14;40;402
"432162 Travesseiro";-;4;-;-;-;-;-;-;7;1;-;-;-;-;-;-;-;-;1;13
"432163 Três Arroios";1;4;-;-;-;-;-;-;10;4;-;-;1;2;-;-;-;1;1;24
"432166 Três Cachoeiras";1;12;-;2;-;3;-;-;27;5;1;-;-;2;-;1;-;2;9;65
"432170 Três Coroas";9;29;1;12;2;6;-;-;46;17;6;-;-;7;-;4;1;14;12;166
"432180 Três de Maio";7;37;2;13;1;7;-;-;59;20;13;-;1;8;-;2;1;7;9;187
"432183 Três Forquilhas";-;7;-;1;-;-;-;-;11;1;-;-;1;-;-;-;-;-;-;21
"432185 Três Palmeiras";1;8;-;1;-;1;-;-;8;9;2;-;1;-;-;-;-;1;5;37
"432190 Três Passos";5;49;1;13;-;11;-;-;65;40;12;-;3;1;-;2;2;12;17;233
"432195 Trindade do Sul";1;15;1;2;-;-;-;-;10;4;1;-;1;2;-;-;-;-;5;42
"432200 Triunfo";9;46;-;3;-;4;-;-;56;26;12;-;-;3;-;2;1;-;17;179
"432210 Tucunduva";2;6;-;2;1;3;-;-;17;8;-;-;-;-;-;-;-;4;11;54
"432215 Tunas";-;4;1;1;-;1;-;-;5;6;-;-;-;-;-;-;-;3;1;22
"432218 Tupanci do Sul";-;1;-;-;-;2;-;-;2;2;-;-;1;1;-;-;-;-;2;11
"432220 Tupanciretã";2;31;-;15;3;3;-;1;47;26;9;-;-;7;-;3;-;14;9;170
"432225 Tupandi";1;5;-;1;1;-;-;-;6;4;1;-;-;1;-;-;-;-;2;22
"432230 Tuparendi";3;18;-;3;1;2;-;1;26;16;1;-;-;1;-;-;1;1;7;81
"432232 Turuçu";-;5;-;3;-;-;-;-;6;-;1;-;-;-;-;1;-;2;3;21
"432234 Ubiretama";-;5;-;2;-;-;-;-;8;2;2;-;-;-;-;-;-;-;-;19
"432235 União da Serra";1;4;-;-;-;1;-;-;5;1;1;-;-;-;-;-;-;-;-;13
"432237 Unistalda";1;4;-;-;-;-;-;-;10;1;1;-;-;-;-;-;-;2;2;21
"432240 Uruguaiana";53;186;11;59;5;13;-;-;201;126;42;2;1;21;-;11;12;163;71;977
"432250 Vacaria";16;87;2;40;2;15;-;-;126;69;26;3;3;11;3;9;3;39;62;516
"432253 Vale do Sol";2;17;-;8;1;4;-;-;30;16;9;-;-;3;-;1;-;2;5;98
"432254 Vale Real";1;7;1;2;-;2;-;-;6;3;-;-;-;1;-;-;-;1;2;26
"432252 Vale Verde";1;8;-;2;-;1;-;-;6;6;2;-;-;-;-;-;-;1;3;30
"432255 Vanini";-;1;-;1;-;-;-;-;1;2;1;1;-;-;-;-;-;-;3;10
"432260 Venâncio Aires";8;105;4;20;-;6;-;-;133;79;18;-;-;8;-;5;2;15;50;453
"432270 Vera Cruz";1;46;-;20;-;2;-;-;61;24;10;2;1;6;-;4;2;8;22;209
"432280 Veranópolis";6;32;1;7;2;5;-;-;36;21;10;1;-;8;-;1;1;2;27;160
"432285 Vespasiano Correa";1;8;-;-;-;-;-;-;8;1;1;-;-;-;-;-;-;-;2;21
"432290 Viadutos";1;14;1;6;-;-;-;-;23;4;3;-;-;-;-;-;-;-;4;56
"432300 Viamão";129;306;6;86;5;37;-;-;445;268;83;6;6;37;1;10;14;149;212;1800
"432310 Vicente Dutra";1;5;1;2;-;-;-;-;8;10;3;-;-;-;-;-;1;1;6;38
"432320 Victor Graeff";-;4;-;2;-;-;-;-;6;4;1;-;-;1;-;1;1;1;3;24
"432330 Vila Flores";-;4;-;3;-;1;-;-;2;5;1;-;-;1;-;-;-;-;2;19
"432335 Vila Lângaro";-;4;-;-;-;-;-;-;2;1;-;-;-;-;-;1;-;1;1;10
"432340 Vila Maria";-;4;-;1;-;1;-;-;11;10;-;-;-;1;-;-;-;-;2;30
"432345 Vila Nova do Sul";-;11;-;1;-;1;-;-;10;5;2;-;-;-;-;-;-;2;3;35
"432350 Vista Alegre";2;3;-;-;-;1;-;-;10;4;-;-;-;-;-;-;-;1;1;22
"432360 Vista Alegre do Prata";-;2;-;-;-;1;-;-;6;2;-;-;-;-;-;-;-;1;1;13
"432370 Vista Gaúcha";-;8;1;-;-;-;-;-;6;1;2;-;-;-;-;-;-;-;2;20
"432375 Vitória das Missões";3;4;-;-;-;-;-;-;3;4;2;-;-;-;-;-;-;2;6;24
"432377 Westfalia";1;7;-;-;-;1;-;-;3;5;-;-;-;2;-;-;-;1;2;22
"432380 Xangri-lá";2;17;-;5;-;9;-;-;21;8;4;-;-;3;1;1;1;1;5;78
"500020 Água Clara";4;7;-;3;-;1;-;-;16;4;5;-;-;2;-;2;1;-;11;56
"500025 Alcinópolis";-;4;-;-;-;-;-;-;4;3;3;-;-;-;-;-;-;-;2;16
"500060 Amambai";26;32;3;18;2;3;-;-;51;23;14;-;-;-;-;8;5;5;54;244
"500070 Anastácio";5;25;1;21;-;5;-;-;49;14;14;1;-;2;-;1;3;1;16;158
"500080 Anaurilândia";1;5;-;3;-;-;-;-;26;5;7;1;-;-;-;1;-;-;5;54
"500085 Angélica";-;13;-;3;2;4;-;-;22;9;5;-;-;2;-;-;1;1;14;76
"500090 Antônio João";4;8;-;4;3;3;-;-;14;9;-;-;-;3;-;1;-;1;19;69
"500100 Aparecida do Taboado";10;28;1;8;3;2;-;-;50;15;7;-;-;8;-;3;-;-;25;160
"500110 Aquidauana";13;41;3;30;1;12;-;-;86;48;18;2;1;9;-;7;2;2;31;306
"500124 Aral Moreira";2;8;-;2;-;2;-;-;9;6;4;-;-;-;-;-;-;1;6;40
"500150 Bandeirantes";1;4;-;3;-;1;-;-;11;3;-;-;-;1;-;-;1;-;5;30
"500190 Bataguassu";3;18;2;5;1;-;-;-;38;11;3;-;1;1;-;2;1;3;26;115
"500200 Batayporã";1;8;-;9;1;2;-;-;19;8;6;2;-;3;-;-;1;1;13;74
"500210 Bela Vista";5;22;-;19;2;3;-;-;44;9;8;-;1;9;-;2;1;5;20;150
"500215 Bodoquena";-;4;-;1;1;2;-;-;9;5;3;1;-;1;-;1;-;-;4;32
"500220 Bonito";6;13;-;7;1;3;-;-;30;16;12;-;-;3;-;2;-;3;11;107
"500230 Brasilândia";3;11;-;10;1;2;-;-;13;7;6;-;-;2;1;1;1;2;10;70
"500240 Caarapó";5;21;2;12;-;2;-;-;41;15;4;2;-;1;1;3;3;3;36;151
"500260 Camapuã";1;13;-;6;-;2;-;-;19;5;-;-;-;1;-;1;1;2;18;69
"500270 Campo Grande";201;906;20;200;41;193;-;-;1471;581;248;20;31;110;9;65;50;44;532;4722
"500280 Caracol";2;4;-;-;-;-;-;-;-;5;3;-;2;-;-;1;-;-;3;20
"500290 Cassilândia";2;26;2;12;3;7;-;-;80;24;6;-;-;2;-;2;2;1;22;191
"500295 Chapadão do Sul";1;7;-;-;1;1;-;-;18;5;2;-;-;-;-;-;-;3;13;51
"500310 Corguinho";1;2;-;1;-;-;-;-;9;2;-;-;-;-;-;-;1;-;3;19
"500315 Coronel Sapucaia";5;15;1;5;1;-;-;-;23;9;4;-;-;2;-;1;1;3;28;98
"500320 Corumbá";35;84;3;43;9;16;-;-;213;93;43;3;3;13;2;22;3;8;62;655
"500325 Costa Rica";1;13;-;2;2;-;-;-;25;12;5;-;-;3;1;2;-;3;19;88
"500330 Coxim";8;39;1;8;-;4;-;-;58;33;8;2;1;5;1;4;3;2;24;201
"500345 Deodápolis";3;17;-;9;2;1;-;-;27;6;5;-;-;2;2;1;2;1;13;91
"500348 Dois Irmãos do Buriti";3;6;-;3;-;2;-;-;21;8;3;-;-;1;-;1;3;3;11;65
"500350 Douradina";-;8;-;1;-;-;-;-;10;2;3;-;-;1;1;-;2;-;5;33
"500370 Dourados";32;215;8;83;9;29;-;-;340;144;54;3;3;30;1;39;21;10;228;1249
"500375 Eldorado";3;14;1;5;-;2;-;-;26;4;7;-;2;-;1;2;2;2;22;93
"500380 Fátima do Sul";6;21;-;17;2;2;-;-;59;16;12;-;2;4;-;2;-;1;15;159
"500390 Figueirão";-;2;-;3;-;-;-;-;9;4;-;-;-;-;-;-;1;-;3;22
"500400 Glória de Dourados";1;10;-;12;3;-;-;-;26;6;1;-;-;1;-;-;-;-;15;75
"500410 Guia Lopes da Laguna";1;13;-;4;3;3;-;-;27;13;4;-;2;1;-;-;-;4;11;86
"500430 Iguatemi";4;8;1;12;1;2;-;-;20;9;6;-;-;-;-;1;1;1;7;73
"500440 Inocência";1;5;1;2;-;-;-;-;10;7;1;-;-;1;1;1;-;2;5;37
"500450 Itaporã";4;21;-;10;-;-;-;-;31;15;6;-;-;3;-;-;2;6;12;110
"500460 Itaquiraí";2;12;-;4;2;4;-;-;35;9;2;1;-;3;-;2;-;3;13;92
"500470 Ivinhema";7;19;1;7;1;2;-;-;72;12;6;-;1;6;-;2;2;2;21;161
"500480 Japorã";3;3;1;2;1;-;-;-;7;8;2;-;-;1;1;-;-;2;19;50
"500490 Jaraguari";1;3;-;-;-;-;-;-;8;3;1;-;-;-;-;-;-;1;8;25
"500500 Jardim";6;31;1;17;7;4;-;-;46;12;7;-;2;10;-;-;1;1;20;165
"500510 Jateí";-;2;-;2;-;-;-;-;9;2;1;-;-;2;-;1;-;-;3;22
"500515 Juti";-;9;-;4;-;-;-;-;10;3;4;-;-;-;-;3;-;1;7;41
"500520 Ladário";2;15;-;6;-;3;-;-;36;18;8;-;-;1;-;9;1;1;23;123
"500525 Laguna Carapã";1;7;-;1;1;1;-;-;13;-;2;-;-;-;-;-;1;-;3;30
"500540 Maracaju";10;24;1;16;4;9;-;-;58;12;3;-;-;4;-;4;2;3;41;191
"500560 Miranda";8;19;2;13;1;2;-;-;56;13;7;-;-;1;2;1;-;1;13;139
"500568 Mundo Novo";7;17;-;7;1;-;-;-;53;12;3;-;1;1;-;-;-;1;15;118
"500570 Naviraí";5;33;4;22;8;8;-;1;98;22;10;1;-;6;-;6;4;8;56;292
"500580 Nioaque";1;8;-;11;-;-;-;-;12;9;3;-;-;1;-;3;1;-;12;61
"500600 Nova Alvorada do Sul";2;9;1;9;1;4;-;-;23;10;5;-;-;-;1;1;1;4;30;101
"500620 Nova Andradina";7;28;1;24;6;7;-;-;71;24;10;1;3;9;-;5;2;16;44;258
"500625 Novo Horizonte do Sul";2;6;-;3;-;1;-;-;7;5;1;-;-;1;-;-;1;1;4;32
"500627 Paraíso das Águas";-;-;-;1;-;-;-;-;4;1;-;-;-;-;-;-;-;1;1;8
"500630 Paranaíba";13;38;1;24;2;5;-;-;105;47;20;-;1;7;-;4;3;1;45;316
"500635 Paranhos";4;9;-;4;-;-;-;-;17;10;3;1;1;5;1;2;1;2;14;74
"500640 Pedro Gomes";1;11;-;4;1;-;-;-;17;10;4;1;-;3;-;-;2;1;5;60
"500660 Ponta Porã";14;78;3;30;4;8;-;-;189;49;31;2;1;16;-;10;8;10;96;549
"500690 Porto Murtinho";3;9;-;4;3;1;-;-;30;6;7;2;1;1;1;4;-;2;8;82
"500710 Ribas do Rio Pardo";2;11;-;6;1;-;-;-;30;11;5;-;-;-;-;1;2;5;13;87
"500720 Rio Brilhante";5;23;-;19;2;2;-;1;51;15;12;1;1;6;-;6;2;2;16;164
"500730 Rio Negro";-;6;-;-;-;1;-;-;11;7;1;1;-;1;-;-;-;-;3;31
"500740 Rio Verde de Mato Grosso";10;24;-;3;-;4;-;-;34;12;11;-;-;3;-;3;-;4;21;129
"500750 Rochedo";1;3;-;1;-;1;-;-;11;4;-;-;-;-;-;-;-;1;5;27
"500755 Santa Rita do Pardo";-;4;-;3;1;1;-;-;11;3;1;-;1;-;-;2;-;1;5;33
"500769 São Gabriel do Oeste";6;24;-;1;1;2;-;-;21;7;3;-;-;2;-;-;1;2;26;96
"500780 Selvíria";1;2;-;5;1;2;-;-;14;3;-;-;-;2;-;1;-;4;6;41
"500770 Sete Quedas";3;10;-;12;-;2;-;-;24;7;4;-;-;-;-;-;-;4;8;74
"500790 Sidrolândia";10;35;1;9;1;3;-;-;38;21;10;1;2;3;-;1;2;3;23;163
"500793 Sonora";1;8;-;3;-;-;-;-;24;4;3;-;-;2;-;-;-;1;15;61
"500795 Tacuru";1;6;-;6;1;1;-;-;13;3;2;-;-;4;-;4;3;8;22;74
"500797 Taquarussu";1;5;-;3;-;-;-;-;6;1;-;-;-;-;-;-;-;2;4;22
"500800 Terenos";3;10;-;2;1;2;-;-;20;7;6;1;-;-;-;-;3;4;18;77
"500830 Três Lagoas";23;97;4;31;8;16;-;-;205;91;48;2;3;10;2;7;8;10;103;668
"500840 Vicentina";2;7;-;4;-;1;-;-;15;4;4;-;-;-;-;-;-;-;7;44
"500000 Município ignorado - MS";-;-;-;1;-;-;-;-;4;-;1;-;-;-;-;1;-;2;16;25
"510010 Acorizal";3;5;1;3;1;-;-;-;10;6;3;-;-;1;1;-;1;1;4;40
"510020 Água Boa";7;17;-;5;-;3;-;-;31;7;5;-;-;-;-;1;-;3;20;99
"510025 Alta Floresta";17;31;4;24;1;3;-;-;80;25;17;1;-;10;-;8;3;10;48;282
"510030 Alto Araguaia";4;21;-;4;1;6;-;-;19;5;5;-;-;1;-;1;-;10;9;86
"510035 Alto Boa Vista";-;2;1;1;1;-;-;-;3;-;1;-;-;-;-;1;-;4;4;18
"510040 Alto Garças";2;9;-;4;-;-;-;-;13;11;-;-;-;1;-;1;-;5;12;58
"510050 Alto Paraguai";-;2;1;2;-;-;-;-;20;6;2;-;-;-;-;-;-;10;4;47
"510060 Alto Taquari";1;8;1;1;1;1;-;-;4;4;1;-;-;-;-;-;-;4;8;34
"510080 Apiacás";1;6;-;1;-;-;-;-;11;3;2;-;-;1;-;1;-;-;8;34
"510100 Araguaiana";-;3;-;1;1;-;-;-;3;1;1;-;-;-;-;-;-;-;4;14
"510120 Araguainha";-;-;-;-;-;-;-;-;-;-;-;-;-;-;-;-;-;1;-;1
"510125 Araputanga";4;10;2;3;1;1;-;-;19;6;2;1;-;2;-;1;-;1;6;59
"510130 Arenápolis";4;10;-;4;1;1;-;-;9;8;6;-;-;3;-;3;1;-;7;57
"510140 Aripuanã";3;7;-;4;2;2;-;-;14;6;3;-;1;1;-;1;2;2;23;71
"510160 Barão de Melgaço";2;6;1;2;-;-;-;-;12;1;1;-;-;-;-;-;-;6;4;35
"510170 Barra do Bugres";2;25;1;20;1;6;-;-;50;10;4;-;-;5;-;8;2;10;27;171
"510180 Barra do Garças";21;53;2;18;-;9;-;-;98;27;24;2;-;11;1;11;5;40;44;366
"510185 Bom Jesus do Araguaia";2;-;-;1;-;-;-;-;-;1;-;-;-;1;-;-;-;13;3;21
"510190 Brasnorte";3;7;-;3;1;2;-;-;22;6;4;-;-;1;2;-;-;2;20;73
"510250 Cáceres";21;65;2;38;7;6;-;-;180;49;18;4;2;15;1;14;11;25;65;523
"510260 Campinápolis";12;4;-;6;1;-;-;-;11;9;3;-;-;-;-;2;2;12;4;66
"510263 Campo Novo do Parecis";9;19;-;4;-;5;-;-;17;12;6;-;1;2;1;9;2;2;46;135
"510267 Campo Verde";3;16;2;2;3;3;-;-;34;11;6;1;-;3;1;6;1;5;35;132
"510268 Campos de Júlio";-;4;-;2;1;1;-;-;2;1;-;-;-;-;-;2;1;-;9;23
"510269 Canabrava do Norte";-;2;-;2;-;-;-;-;4;1;-;-;-;-;-;-;-;-;1;10
"510270 Canarana";8;14;1;4;-;-;-;-;17;7;5;1;-;1;2;4;1;3;21;89
"510279 Carlinda";3;15;1;5;1;1;-;-;24;6;-;-;-;2;-;2;1;4;15;80
"510285 Castanheira";1;7;-;2;-;1;-;-;17;5;-;-;-;1;-;-;-;2;5;41
"510300 Chapada dos Guimarães";3;16;-;10;1;5;-;-;25;8;2;-;1;2;1;-;3;13;17;107
"510305 Cláudia";1;8;-;1;-;-;-;-;9;3;2;-;-;-;-;1;-;2;11;38
"510310 Cocalinho";-;-;-;1;-;-;-;-;2;-;-;-;-;1;-;1;1;19;3;28
"510320 Colíder";4;29;3;19;2;5;-;-;62;23;6;2;2;2;-;5;4;6;21;195
"510325 Colniza";2;4;-;4;1;1;-;-;15;7;8;-;-;1;-;-;2;2;44;91
"510330 Comodoro";5;6;1;4;1;1;-;-;26;9;3;-;-;2;1;2;1;7;11;80
"510335 Confresa";2;10;1;4;1;-;-;-;23;11;2;-;-;4;-;-;1;10;20;89
"510336 Conquista D'Oeste";-;2;-;-;-;-;-;-;1;1;2;-;-;-;-;1;-;-;3;10
"510337 Cotriguaçu";1;2;-;3;2;-;-;-;9;3;2;-;-;-;-;1;2;-;11;36
"510340 Cuiabá";138;551;15;228;39;103;-;-;858;348;179;2;28;51;4;79;47;41;562;3273
"510343 Curvelândia";1;1;-;1;-;-;-;-;5;-;3;-;-;1;-;-;-;4;7;23
"510345 Denise";1;3;-;1;-;-;-;-;5;1;1;-;-;-;-;-;2;8;7;29
"510350 Diamantino";5;14;1;7;1;-;-;-;27;10;5;-;-;4;-;4;3;7;29;117
"510360 Dom Aquino";2;7;-;4;-;1;-;-;17;8;4;-;-;-;-;1;1;5;8;58
"510370 Feliz Natal";3;5;-;-;-;1;-;-;6;4;1;1;-;1;-;1;-;2;6;31
"510380 Figueirópolis D'Oeste";-;4;-;4;-;-;-;-;5;2;2;-;-;1;-;-;-;-;2;20
"510385 Gaúcha do Norte";-;2;-;-;-;-;-;-;1;1;-;-;-;-;-;-;1;7;-;12
"510390 General Carneiro";3;5;1;2;-;-;-;-;3;4;2;1;-;-;-;2;1;3;1;28
"510395 Glória D'Oeste";-;3;-;1;-;-;-;-;9;-;-;-;-;1;-;-;-;1;3;18
"510410 Guarantã do Norte";2;24;1;14;2;4;-;-;38;9;5;-;-;2;1;3;1;5;35;146
"510420 Guiratinga";2;12;-;9;1;6;-;-;22;8;5;-;1;1;-;-;1;2;6;76
"510450 Indiavaí";2;-;-;1;1;-;-;-;2;1;-;-;-;-;-;-;-;-;2;9
"510452 Ipiranga do Norte";-;2;-;1;-;-;-;-;3;1;1;-;-;1;-;-;-;-;6;15
"510454 Itanhangá";-;1;-;-;3;-;-;-;6;3;1;-;-;-;-;-;-;2;14;30
"510455 Itaúba";1;6;-;2;-;-;-;-;2;3;2;-;-;-;-;1;-;6;5;28
"510460 Itiquira";3;9;1;1;2;2;-;-;12;5;2;-;-;2;-;2;-;3;12;56
"510480 Jaciara";6;21;2;14;-;5;-;-;25;19;13;-;-;3;-;5;2;5;23;143
"510490 Jangada";3;5;1;1;-;-;-;-;15;2;3;-;-;2;-;2;-;4;8;46
"510500 Jauru";5;7;-;3;-;1;-;-;12;11;5;1;-;-;-;-;-;15;5;65
"510510 Juara";6;23;3;12;2;1;-;-;20;15;10;1;1;-;-;5;3;24;24;150
"510515 Juína";11;32;4;9;2;12;-;-;58;17;9;1;1;5;-;6;3;1;45;216
"510517 Juruena";2;2;-;2;-;1;-;-;7;4;1;-;-;1;1;-;1;-;6;28
"510520 Juscimeira";1;4;-;9;-;-;-;-;25;8;3;-;-;1;-;-;-;4;14;69
"510523 Lambari D'Oeste";-;7;-;-;-;-;-;-;11;4;2;-;-;-;-;-;-;-;4;28
"510525 Lucas do Rio Verde";14;19;1;3;-;4;-;-;33;9;7;1;-;2;2;11;4;13;66;189
"510530 Luciara";-;-;-;-;-;-;-;-;2;4;1;-;-;-;-;-;-;4;1;12
"510558 Marcelândia";-;2;-;-;-;1;-;-;5;3;-;-;-;-;-;1;-;26;2;40
"510560 Matupá";2;13;-;3;2;3;-;-;19;11;2;-;-;-;-;1;-;4;33;93
"510562 Mirassol d'Oeste";6;26;-;7;1;4;-;-;51;16;7;1;-;1;-;2;1;3;30;156
"510590 Nobres";1;7;2;12;2;-;-;-;24;7;3;-;-;1;-;2;-;6;29;96
"510600 Nortelândia";-;9;-;5;-;-;-;-;13;6;2;-;1;4;1;3;1;4;5;54
"510610 Nossa Senhora do Livramento";2;6;1;11;2;1;-;-;18;8;2;-;-;3;-;2;-;3;6;65
"510615 Nova Bandeirantes";1;6;-;3;3;1;-;-;17;5;3;-;-;-;-;1;1;5;11;57
"510620 Nova Brasilândia";-;4;-;1;-;-;-;-;11;2;2;-;-;-;-;-;-;-;6;26
"510621 Nova Canaã do Norte";4;10;-;1;1;1;-;-;16;10;2;-;-;2;-;1;1;6;9;64
"510880 Nova Guarita";1;3;-;-;-;1;-;-;2;1;-;-;-;-;-;3;-;7;-;18
"510618 Nova Lacerda";-;2;-;-;-;-;-;-;7;1;-;-;-;2;-;2;1;1;5;21
"510885 Nova Marilândia";-;1;-;3;-;-;-;-;2;2;3;-;-;1;-;1;-;1;4;18
"510890 Nova Maringá";2;5;-;2;-;-;-;-;6;2;-;-;1;-;-;1;1;1;5;26
"510895 Nova Monte Verde";-;3;1;3;-;-;-;-;6;3;2;-;-;-;-;-;1;2;4;25
"510622 Nova Mutum";4;15;-;3;-;3;-;-;17;14;9;-;-;2;1;7;2;4;30;111
"510617 Nova Nazaré";2;-;1;2;-;-;-;-;1;1;-;-;-;-;-;3;-;-;4;14
"510623 Nova Olímpia";5;10;-;3;-;1;-;-;17;10;3;-;1;2;-;1;2;13;17;85
"510619 Nova Santa Helena";-;2;-;2;-;-;-;-;7;2;3;-;-;-;-;-;-;2;3;21
"510624 Nova Ubiratã";1;6;-;1;1;1;-;-;6;2;1;-;-;-;-;-;2;-;9;30
"510625 Nova Xavantina";4;6;-;8;3;3;-;-;39;4;5;-;-;3;-;3;1;2;17;98
"510627 Novo Horizonte do Norte";-;3;2;1;1;1;-;-;3;4;1;-;-;-;-;-;-;-;2;18
"510626 Novo Mundo";-;2;-;1;-;1;-;-;1;2;-;-;-;-;-;-;-;7;3;17
"510631 Novo Santo Antônio";-;2;-;-;-;-;-;-;2;-;-;-;-;-;-;1;-;5;-;10
"510628 Novo São Joaquim";2;2;-;1;-;1;-;-;7;3;2;-;-;1;-;-;-;2;5;26
"510629 Paranaíta";5;7;-;1;-;2;-;-;17;4;2;1;-;1;-;3;1;3;18;65
"510630 Paranatinga";4;11;-;2;1;-;-;-;27;9;6;-;-;3;-;2;2;8;28;103
"510637 Pedra Preta";5;12;1;7;-;-;-;-;19;18;4;-;1;1;-;1;-;12;13;94
"510642 Peixoto de Azevedo";5;27;-;15;3;2;-;-;36;16;6;-;1;3;-;11;1;13;46;185
"510645 Planalto da Serra";-;4;-;-;1;-;-;-;1;-;-;-;-;-;-;-;-;-;3;9
"510650 Poconé";6;29;2;20;4;7;-;-;60;13;10;-;2;5;1;6;2;7;31;205
"510665 Pontal do Araguaia";3;4;-;3;-;2;-;-;7;2;1;-;-;-;-;-;1;3;3;29
"510670 Ponte Branca";2;1;-;1;-;-;-;-;4;-;-;-;-;-;-;-;-;1;1;10
"510675 Pontes e Lacerda";12;24;2;12;1;4;-;-;52;14;7;-;-;3;-;5;3;20;47;206
"510677 Porto Alegre do Norte";-;2;-;3;-;-;-;-;16;2;2;-;-;-;-;-;-;4;7;36
"510680 Porto dos Gaúchos";-;3;-;2;1;-;-;-;8;6;-;-;-;1;-;-;-;-;2;23
"510682 Porto Esperidião";2;6;-;3;2;-;-;-;14;7;5;1;-;1;-;2;2;1;13;59
"510685 Porto Estrela";1;1;-;1;-;-;-;-;4;4;1;-;-;2;-;-;-;7;1;22
"510700 Poxoréo";8;15;1;10;-;-;-;-;28;12;2;1;-;-;-;4;-;14;20;115
"510704 Primavera do Leste";12;35;4;10;2;6;-;-;41;18;10;1;1;3;1;5;6;9;79;243
"510706 Querência";1;2;-;3;-;-;-;-;7;1;-;-;-;-;-;-;3;5;13;35
"510715 Reserva do Cabaçal";-;6;-;-;-;-;-;-;4;1;-;-;-;-;-;-;-;-;-;11
"510718 Ribeirão Cascalheira";2;1;-;4;1;1;-;-;12;4;1;-;-;-;-;3;1;9;7;46
"510719 Ribeirãozinho";1;2;-;-;-;-;-;-;1;2;-;-;-;-;-;-;-;-;1;7
"510720 Rio Branco";1;2;-;1;1;-;-;-;15;3;5;-;-;-;-;1;2;-;4;35
"510757 Rondolândia";-;1;-;-;-;-;-;-;1;1;-;-;-;-;-;-;-;1;1;5
"510760 Rondonópolis";44;224;9;91;25;26;-;-;224;115;56;5;3;27;1;28;14;26;290;1208
"510770 Rosário Oeste";1;10;5;15;-;3;-;-;36;7;3;-;3;1;2;-;1;14;16;117
"510775 Salto do Céu";-;3;-;2;-;1;-;-;7;1;1;-;-;-;-;-;-;2;6;23
"510724 Santa Carmem";1;4;-;-;-;-;-;-;3;-;1;1;-;-;-;1;-;-;5;16
"510774 Santa Cruz do Xingu";-;-;-;-;-;-;-;-;2;-;-;-;-;-;-;-;-;2;2;6
"510776 Santa Rita do Trivelato";-;-;-;-;-;-;-;-;2;-;-;-;-;-;-;-;-;-;-;2
"510777 Santa Terezinha";-;4;-;3;-;-;-;-;7;3;1;-;-;1;-;1;-;2;3;25
"510726 Santo Afonso";-;-;1;3;-;-;-;-;4;-;-;-;-;-;-;1;-;1;1;11
"510779 Santo Antônio do Leste";1;-;1;1;-;-;-;-;2;1;-;-;-;-;-;2;1;3;-;12
"510780 Santo Antônio do Leverger";1;11;-;2;-;1;-;-;27;13;4;-;-;1;1;1;2;13;16;93
"510785 São Félix do Araguaia";3;1;-;5;1;1;-;-;13;2;3;-;-;-;-;2;1;10;5;47
"510729 São José do Povo";1;2;-;-;-;-;-;-;4;2;3;-;-;-;-;-;-;-;4;16
"510730 São José do Rio Claro";2;8;-;5;1;2;-;-;25;7;2;-;-;1;-;1;3;3;13;73
"510735 São José do Xingu";1;2;-;1;-;-;-;-;1;1;4;-;-;-;-;-;-;2;6;18
"510710 São José dos Quatro Marcos";7;13;1;9;3;4;-;-;29;14;6;1;3;3;-;4;1;6;25;129
"510740 São Pedro da Cipa";1;4;-;1;1;-;-;-;6;2;2;-;-;-;-;-;-;1;5;23
"510787 Sapezal";1;5;1;2;-;1;-;-;12;7;-;-;1;2;-;5;-;3;30;70
"510788 Serra Nova Dourada";-;-;-;-;-;-;-;-;1;-;-;-;-;-;-;-;-;2;-;3
"510790 Sinop";35;81;4;28;7;7;-;-;109;48;16;4;2;13;2;16;9;25;147;553
"510792 Sorriso";10;62;2;5;2;4;-;-;50;32;8;1;-;2;-;8;5;19;76;286
"510794 Tabaporã";-;6;-;-;2;1;-;-;7;3;1;-;-;2;-;-;-;-;6;28
"510795 Tangará da Serra";21;62;1;35;6;3;-;-;112;51;26;-;-;13;1;16;7;41;91;486
"510800 Tapurah";3;4;2;1;1;1;-;-;10;4;2;-;-;1;-;1;1;-;10;41
"510805 Terra Nova do Norte";1;12;-;2;-;-;-;-;16;4;7;-;-;2;-;2;1;7;10;64
"510810 Tesouro";1;-;-;2;1;1;-;-;3;2;3;-;1;1;-;-;-;-;4;19
"510820 Torixoréu";-;6;-;1;1;-;-;1;9;1;2;-;-;1;-;-;-;3;10;35
"510830 União do Sul";-;3;-;-;-;1;-;-;4;-;-;-;-;1;1;-;1;1;3;15
"510835 Vale de São Domingos";-;2;-;1;-;-;-;-;2;2;2;-;-;-;-;2;-;2;3;16
"510840 Várzea Grande";76;214;11;140;12;34;-;1;409;159;66;2;7;27;9;36;18;37;268;1526
"510850 Vera";3;9;-;2;-;2;-;-;4;5;-;-;-;1;-;1;1;2;6;36
"510550 Vila Bela da Santíssima Trindade";4;6;-;2;-;3;-;-;16;3;1;-;-;3;-;2;1;3;16;60
"510860 Vila Rica";4;5;-;5;1;1;-;-;11;2;4;-;-;-;-;4;1;22;12;72
"510000 Município ignorado - MT";-;1;-;-;-;-;-;-;2;-;-;-;-;-;-;-;-;6;13;22
"520005 Abadia de Goiás";4;6;-;2;1;-;-;-;8;3;-;-;-;1;-;2;-;3;9;39
"520010 Abadiânia";2;15;-;7;-;-;-;-;17;12;6;-;-;1;-;1;-;2;23;86
"520013 Acreúna";5;21;1;4;1;3;-;-;30;6;10;-;1;4;-;4;-;9;22;121
"520015 Adelândia";1;2;-;1;1;-;-;-;5;3;1;-;-;1;-;-;-;2;-;17
"520017 Água Fria de Goiás";3;1;-;3;-;-;-;-;9;1;1;-;-;-;-;-;-;2;3;23
"520020 Água Limpa";-;1;-;1;-;-;-;-;2;1;-;-;-;-;-;-;-;3;-;8
"520025 Águas Lindas de Goiás";24;74;2;35;4;8;-;-;133;26;28;-;2;6;2;20;15;52;180;611
"520030 Alexânia";8;19;-;18;7;6;-;-;48;18;11;-;1;5;1;6;2;-;33;183
"520050 Aloândia";1;4;-;-;-;1;-;-;5;5;3;-;-;1;-;-;-;-;3;23
"520055 Alto Horizonte";2;1;-;11;-;-;-;-;7;-;1;-;-;-;-;-;-;-;7;29
"520060 Alto Paraíso de Goiás";1;4;-;1;1;2;-;-;6;1;2;-;-;-;-;1;-;-;4;23
"520080 Alvorada do Norte";8;6;1;6;1;-;-;-;7;5;5;-;-;2;-;-;-;1;7;49
"520082 Amaralina";2;1;-;-;-;-;-;-;1;3;-;-;-;-;-;1;-;-;2;10
"520085 Americano do Brasil";1;6;-;5;-;-;-;-;10;4;2;-;-;-;-;2;-;1;5;36
"520090 Amorinópolis";-;2;-;3;-;1;-;-;7;2;1;-;-;1;-;-;-;2;2;21
"520110 Anápolis";118;338;11;114;32;57;-;-;612;391;137;3;13;74;5;46;21;13;404;2389
"520120 Anhanguera";-;-;-;-;-;1;-;-;-;1;-;-;-;-;-;1;-;-;-;3
"520130 Anicuns";5;20;-;12;1;3;-;-;37;20;6;1;1;-;-;2;-;1;20;129
"520140 Aparecida de Goiânia";142;285;11;79;10;51;-;-;578;273;141;11;12;53;4;78;34;42;567;2371
"520145 Aparecida do Rio Doce";-;1;-;1;-;-;-;-;3;3;1;-;-;-;-;-;-;-;4;13
"520150 Aporé";2;7;-;2;1;2;-;-;6;1;1;-;-;-;-;1;-;-;3;26
"520160 Araçu";-;6;-;2;-;1;-;-;12;4;-;-;-;3;-;-;-;-;2;30
"520170 Aragarças";7;23;-;9;2;-;-;-;32;12;5;-;-;-;-;1;2;1;23;117
"520180 Aragoiânia";3;5;-;4;-;-;-;-;13;7;4;1;-;-;-;2;-;1;11;51
"520215 Araguapaz";2;5;1;2;-;-;-;-;16;10;2;-;-;1;-;-;-;-;4;43
"520235 Arenópolis";1;2;-;1;-;-;-;-;6;2;1;-;-;-;-;-;1;-;-;14
"520250 Aruanã";1;7;-;5;2;2;-;-;14;4;1;-;-;1;-;2;-;3;10;52
"520260 Aurilândia";-;7;-;4;-;-;-;-;15;6;1;-;-;2;-;-;-;-;1;36
"520280 Avelinópolis";1;6;-;-;-;-;-;-;7;3;-;1;-;1;-;-;-;-;1;20
"520310 Baliza";-;2;-;-;1;2;-;-;4;2;1;-;-;-;-;-;-;3;4;19
"520320 Barro Alto";5;4;-;1;-;2;-;-;15;8;5;-;-;-;-;-;-;-;2;42
"520330 Bela Vista de Goiás";8;26;1;7;2;6;-;-;36;13;13;-;-;3;-;2;2;5;22;146
"520340 Bom Jardim de Goiás";1;10;-;6;-;1;-;-;21;10;1;-;1;2;-;2;-;-;4;59
"520350 Bom Jesus de Goiás";5;25;-;14;1;3;-;-;34;18;5;-;-;-;-;6;1;15;23;150
"520355 Bonfinópolis";3;10;-;2;1;-;-;-;10;6;3;-;-;-;-;-;1;-;8;44
"520357 Bonópolis";1;-;-;2;-;-;-;-;2;1;-;-;-;-;-;-;1;4;2;13
"520360 Brazabrantes";1;5;-;2;-;-;-;-;4;4;1;-;-;-;-;-;-;-;-;17
"520380 Britânia";-;2;-;1;-;-;-;-;10;5;2;-;-;2;-;-;1;3;4;30
"520390 Buriti Alegre";3;10;-;2;1;-;-;-;24;5;4;-;2;3;-;1;-;1;8;64
"520393 Buriti de Goiás";1;2;-;3;-;-;-;-;6;3;1;-;-;1;-;-;1;-;1;19
"520396 Buritinópolis";-;1;-;-;-;-;-;-;7;-;3;-;-;1;-;-;1;1;5;19
"520400 Cabeceiras";4;7;-;1;1;1;-;-;13;1;2;-;-;-;-;1;-;-;7;38
"520410 Cachoeira Alta";4;10;-;2;1;1;-;-;14;16;4;-;1;3;-;-;-;-;8;64
"520420 Cachoeira de Goiás";-;1;1;2;-;-;-;-;-;3;1;-;-;-;-;-;-;-;3;11
"520425 Cachoeira Dourada";1;7;-;2;5;-;-;-;15;4;3;-;-;1;-;1;1;2;8;50
"520430 Caçu";6;20;1;5;-;1;-;-;12;6;5;1;1;4;-;1;-;5;19;87
"520440 Caiapônia";2;16;2;8;4;1;-;-;27;13;5;-;2;2;-;3;1;6;18;110
"520450 Caldas Novas";13;58;4;18;2;21;-;-;105;41;13;-;-;6;1;20;4;6;66;378
"520455 Caldazinha";2;6;-;1;-;-;-;-;2;1;-;-;-;1;-;-;-;-;4;17
"520460 Campestre de Goiás";1;1;-;-;-;-;-;-;6;1;-;-;-;1;-;2;1;-;5;18
"520465 Campinaçu";-;3;-;3;-;1;-;-;8;-;1;-;-;-;-;1;-;1;5;23
"520470 Campinorte";9;13;-;5;1;2;-;-;15;5;1;-;-;1;-;-;-;2;6;60
"520480 Campo Alegre de Goiás";2;1;-;-;-;1;-;-;6;3;1;-;-;-;-;-;-;1;3;18
"520485 Campo Limpo de Goiás";2;2;-;-;-;-;-;-;6;10;3;-;1;1;-;-;-;-;7;32
"520490 Campos Belos";6;13;-;15;-;2;-;-;38;13;8;-;-;1;-;4;1;13;14;128
"520495 Campos Verdes";-;7;-;2;-;-;-;-;14;7;3;-;-;-;-;-;-;-;6;39
"520500 Carmo do Rio Verde";4;4;-;3;-;2;-;-;19;12;1;-;-;-;-;1;-;-;4;50
"520505 Castelândia";1;3;-;-;1;1;-;-;8;3;2;-;-;-;-;-;-;-;4;23
"520510 Catalão";21;71;4;9;4;6;-;-;120;84;29;1;3;12;-;8;5;44;55;476
"520520 Caturaí";2;1;-;-;-;-;-;-;7;3;3;-;-;-;-;1;-;1;3;21
"520530 Cavalcante";3;9;-;6;-;-;-;-;17;4;1;-;-;1;-;3;-;3;6;53
"520540 Ceres";4;17;1;12;1;3;-;-;32;12;9;-;-;4;-;2;2;-;17;116
"520545 Cezarina";3;8;-;1;-;-;-;-;13;9;3;-;-;-;-;-;2;-;8;47
"520547 Chapadão do Céu";-;2;-;3;-;-;-;-;8;3;1;-;-;1;-;1;1;-;8;28
"520549 Cidade Ocidental";10;29;-;14;16;7;-;-;56;19;7;1;1;5;1;7;6;3;71;253
"520551 Cocalzinho de Goiás";4;12;1;5;1;3;-;-;31;10;6;-;-;2;-;-;1;8;25;109
"520552 Colinas do Sul";1;3;-;1;-;-;-;-;6;1;4;-;-;-;-;-;-;1;6;23
"520570 Córrego do Ouro";-;5;-;-;-;1;-;-;6;2;-;-;-;-;-;-;-;-;3;17
"520580 Corumbá de Goiás";3;5;-;6;-;2;-;-;25;14;-;-;-;2;-;1;-;1;15;74
"520590 Corumbaíba";6;9;1;2;2;2;-;-;16;13;1;-;-;1;-;-;-;-;3;56
"520620 Cristalina";6;32;1;12;8;4;-;-;61;22;11;1;2;3;-;6;2;10;62;243
"520630 Cristianópolis";1;3;-;2;-;1;-;-;5;2;2;-;-;2;-;-;-;-;2;20
"520640 Crixás";1;13;-;6;-;1;-;-;33;6;4;-;-;3;-;2;1;-;15;85
"520650 Cromínia";-;-;1;-;-;1;-;-;8;9;1;-;-;-;-;1;-;-;3;24
"520660 Cumari";1;2;-;-;-;2;-;-;6;1;2;-;-;-;-;-;1;-;-;15
"520670 Damianópolis";1;1;-;-;-;-;-;-;4;-;2;-;-;-;-;-;-;1;1;10
"520680 Damolândia";-;4;-;1;1;-;-;-;3;3;1;-;-;-;-;1;-;1;1;16
"520690 Davinópolis";2;-;-;-;-;-;-;-;5;3;-;-;-;-;-;-;-;1;2;13
"520710 Diorama";-;2;-;1;1;-;-;-;8;1;2;-;-;-;-;-;-;1;2;18
"520830 Divinópolis de Goiás";3;2;-;-;-;1;-;-;8;2;5;-;-;-;-;-;-;2;3;26
"520725 Doverlândia";1;3;-;3;-;-;-;-;9;9;1;-;-;-;-;2;-;2;8;38
"520735 Edealina";3;-;-;1;-;-;-;-;14;2;3;-;-;2;-;-;1;-;1;27
"520740 Edéia";6;12;-;4;2;-;-;-;30;7;4;-;-;2;-;1;2;3;11;84
"520750 Estrela do Norte";-;2;-;1;-;2;-;-;3;1;1;-;-;-;-;-;2;-;5;17
"520753 Faina";1;6;-;7;2;-;-;-;11;1;1;-;-;-;-;-;-;5;9;43
"520760 Fazenda Nova";1;2;-;2;-;-;-;-;19;3;3;-;-;1;-;-;1;1;4;37
"520780 Firminópolis";3;12;1;3;-;2;-;-;20;9;5;-;-;4;-;-;-;1;4;64
"520790 Flores de Goiás";2;2;1;2;1;1;-;-;12;1;2;-;-;-;-;3;1;1;9;38
"520800 Formosa";35;76;-;20;4;14;-;-;167;36;22;2;1;4;-;15;7;9;128;540
"520810 Formoso";2;2;-;2;2;-;-;-;9;5;1;-;1;-;-;1;-;1;8;34
"520815 Gameleira de Goiás";-;1;-;2;-;-;-;-;4;1;1;-;-;-;-;-;-;-;3;12
"520840 Goianápolis";3;10;-;3;4;-;-;-;19;11;3;-;-;1;-;-;-;4;8;66
"520850 Goiandira";1;6;-;1;-;-;-;-;8;6;1;1;-;1;-;-;1;2;2;30
"520860 Goianésia";16;59;1;11;5;9;-;-;117;59;18;-;1;12;1;10;3;17;54;393
"520870 Goiânia";404;1544;32;340;33;227;-;1;2170;1075;577;28;52;247;7;165;104;104;1351;8461
"520880 Goianira";7;23;-;9;2;4;-;-;58;14;11;-;1;6;1;13;4;2;43;198
"520890 Goiás";5;21;3;9;1;2;-;-;65;19;9;-;-;5;-;2;1;3;24;169
"520910 Goiatuba";12;35;-;11;3;6;-;-;66;43;11;-;1;2;-;6;1;4;29;230
"520915 Gouvelândia";1;2;-;1;1;4;-;-;5;3;4;-;1;-;-;-;-;-;8;30
"520920 Guapó";7;12;1;5;-;2;-;-;27;7;5;-;-;3;-;2;3;1;16;91
"520929 Guaraíta";1;3;-;-;-;-;-;-;4;2;1;-;-;-;-;-;-;1;3;15
"520940 Guarani de Goiás";1;1;-;3;-;1;-;-;1;1;-;-;-;-;-;1;-;2;1;12
"520945 Guarinos";1;-;-;3;-;-;-;-;4;2;-;-;-;-;-;-;1;-;4;15
"520960 Heitoraí";-;5;-;1;-;-;-;-;7;2;-;-;-;-;-;1;-;3;2;21
"520970 Hidrolândia";5;11;2;2;-;1;-;-;34;14;6;-;-;3;-;2;1;-;20;101
"520980 Hidrolina";5;6;-;-;-;1;-;-;6;2;2;-;-;1;-;1;-;-;3;27
"520990 Iaciara";5;8;-;2;3;3;-;-;17;3;2;-;-;1;-;4;3;5;11;67
"520993 Inaciolândia";-;8;-;4;4;-;-;-;3;3;2;-;-;2;-;-;-;-;3;29
"520995 Indiara";9;10;-;7;-;1;-;-;27;10;5;-;-;2;-;-;-;7;16;94
"521000 Inhumas";23;41;-;25;6;9;-;-;114;76;23;-;-;9;-;4;5;1;54;390
"521010 Ipameri";11;27;-;9;1;6;-;-;50;18;11;-;-;3;-;2;-;2;26;166
"521015 Ipiranga de Goiás";1;1;-;2;1;-;-;-;6;4;2;-;-;-;-;-;-;-;7;24
"521020 Iporá";6;39;-;14;3;8;-;-;89;39;12;-;2;4;-;2;1;3;29;251
"521030 Israelândia";-;-;1;1;-;-;-;-;10;-;3;-;-;1;-;-;-;-;4;20
"521040 Itaberaí";12;27;4;10;7;3;-;-;69;25;14;1;-;9;-;7;3;3;34;228
"521056 Itaguari";-;2;-;1;1;-;-;-;8;4;2;-;-;-;-;1;-;-;3;22
"521060 Itaguaru";2;9;-;2;1;1;-;-;13;6;2;-;-;-;-;-;-;-;1;37
"521080 Itajá";-;4;1;3;-;2;-;-;9;7;1;-;-;4;-;1;-;-;4;36
"521090 Itapaci";3;14;-;8;1;1;-;-;27;18;4;-;-;1;-;1;2;-;14;94
"521100 Itapirapuã";1;7;-;2;-;2;-;-;18;6;3;-;1;-;-;-;-;4;6;50
"521120 Itapuranga";5;31;4;11;2;1;-;-;54;20;10;-;1;2;-;5;2;26;19;193
"521130 Itarumã";1;4;-;4;1;-;-;-;8;5;3;-;-;-;-;-;-;-;5;31
"521140 Itauçu";5;4;1;6;1;-;-;-;23;10;1;-;-;1;-;-;-;-;10;62
"521150 Itumbiara";59;110;2;39;9;22;-;-;274;90;37;2;2;17;1;13;6;15;110;808
"521160 Ivolândia";1;-;1;-;-;-;-;-;7;2;1;-;-;-;-;-;-;-;4;16
"521170 Jandaia";2;7;-;4;-;-;-;-;10;10;3;-;1;-;-;2;1;-;8;48
"521180 Jaraguá";11;30;-;14;-;4;-;-;66;28;12;-;1;10;1;8;4;1;31;221
"521190 Jataí";30;93;1;26;5;11;-;-;171;77;27;1;-;11;2;16;5;10;123;609
"521200 Jaupaci";2;8;-;2;-;-;-;-;10;1;2;-;-;-;-;-;-;2;6;33
"521205 Jesúpolis";3;1;1;3;-;-;-;-;4;-;-;-;-;1;-;-;-;1;1;15
"521210 Joviânia";4;6;-;3;-;1;-;-;12;7;3;-;-;2;-;-;1;-;4;43
"521220 Jussara";5;18;1;13;1;5;-;-;28;17;6;-;1;4;1;1;1;2;20;124
"521225 Lagoa Santa";-;3;-;-;-;-;-;-;1;3;1;-;-;-;-;-;-;-;2;10
"521230 Leopoldo de Bulhões";3;4;-;2;2;-;-;-;7;6;1;-;1;-;1;-;-;1;12;40
"521250 Luziânia";40;117;2;45;22;21;-;-;237;65;39;-;4;9;2;17;14;21;238;893
"521260 Mairipotaba";1;4;1;-;-;-;-;-;1;2;-;-;-;-;-;-;-;-;2;11
"521270 Mambaí";-;1;1;1;1;-;-;-;6;3;1;-;-;1;-;1;1;-;7;24
"521280 Mara Rosa";4;12;1;2;2;1;-;-;24;6;6;-;-;-;-;2;-;2;7;69
"521290 Marzagão";2;2;1;1;1;-;-;-;4;5;2;-;-;-;-;-;-;-;1;19
"521295 Matrinchã";1;2;-;1;-;-;-;-;4;1;2;-;-;-;-;-;-;-;3;14
"521300 Maurilândia";-;6;-;6;2;-;-;-;21;7;1;-;-;1;-;1;1;1;11;58
"521305 Mimoso de Goiás";1;2;-;1;-;1;-;-;2;1;-;-;-;-;-;-;-;-;-;8
"521308 Minaçu";13;18;1;11;4;5;-;-;50;12;8;-;-;2;1;2;2;10;27;166
"521310 Mineiros";14;43;2;34;5;6;-;-;106;31;19;1;1;10;1;8;4;4;52;341
"521340 Moiporá";1;3;-;-;-;-;-;-;2;1;2;-;-;-;-;-;-;-;1;10
"521350 Monte Alegre de Goiás";3;4;-;1;-;-;-;-;14;1;1;-;-;-;-;1;1;1;5;32
"521370 Montes Claros de Goiás";2;7;-;3;2;-;-;-;8;5;3;-;-;-;1;1;-;1;2;35
"521375 Montividiu";-;5;2;2;1;1;-;-;5;11;3;-;-;-;1;5;1;1;14;52
"521377 Montividiu do Norte";1;3;-;4;-;-;-;-;2;2;1;-;-;-;-;-;-;3;-;16
"521380 Morrinhos";10;54;1;16;5;10;-;-;77;34;9;1;2;2;-;5;1;7;24;258
"521385 Morro Agudo de Goiás";-;1;1;2;-;-;-;-;8;3;3;-;-;2;-;-;-;-;2;22
"521390 Mossâmedes";1;5;-;-;-;1;-;-;12;2;4;-;-;1;-;-;-;2;4;32
"521400 Mozarlândia";2;6;-;6;2;4;-;-;20;8;4;-;-;2;-;1;1;1;8;65
"521405 Mundo Novo";-;5;-;2;2;3;-;-;14;6;4;-;-;1;-;3;-;-;10;50
"521410 Mutunópolis";2;-;-;2;-;1;-;-;3;7;2;-;-;-;-;1;-;2;3;23
"521440 Nazário";4;5;-;2;-;3;-;-;10;7;4;-;-;1;-;1;-;4;6;47
"521450 Nerópolis";9;25;-;6;1;6;-;-;43;34;15;-;1;4;-;4;4;-;25;177
"521460 Niquelândia";18;30;1;17;5;8;-;-;62;20;4;2;-;4;-;5;2;2;41;221
"521470 Nova América";-;2;-;-;-;-;-;-;3;5;-;-;-;1;-;-;-;-;4;15
"521480 Nova Aurora";1;2;-;1;-;-;-;-;5;3;-;-;-;-;-;-;-;1;3;16
"521483 Nova Crixás";-;7;-;3;2;-;-;-;25;5;2;-;-;2;-;-;-;5;11;62
"521486 Nova Glória";3;11;-;2;-;-;-;-;29;7;-;-;-;2;-;1;2;1;11;69
"521487 Nova Iguaçu de Goiás";1;1;-;1;-;-;-;-;10;-;-;-;-;-;-;-;-;-;4;17
"521490 Nova Roma";-;-;-;-;-;-;-;-;3;2;-;-;-;-;-;1;-;1;4;11
"521500 Nova Veneza";3;6;-;2;-;1;-;-;7;9;3;-;-;3;-;-;1;1;4;40
"521520 Novo Brasil";1;3;-;2;2;-;-;-;10;1;4;-;-;1;-;-;-;-;3;27
"521523 Novo Gama";19;58;-;25;10;14;-;-;96;28;28;1;-;4;-;6;3;10;119;421
"521525 Novo Planalto";-;6;1;-;-;-;-;-;12;1;1;-;-;1;-;-;-;2;2;26
"521530 Orizona";6;10;-;6;3;3;-;-;25;10;6;1;-;1;-;1;2;-;13;87
"521540 Ouro Verde de Goiás";1;3;-;-;-;1;-;-;8;4;1;-;-;1;-;-;1;-;4;24
"521550 Ouvidor";-;4;-;3;-;1;-;-;10;4;2;-;-;-;-;1;1;-;3;29
"521560 Padre Bernardo";12;15;-;5;1;3;-;-;32;13;11;-;2;2;-;2;-;7;34;139
"521565 Palestina de Goiás";-;1;-;2;-;-;-;-;9;2;2;-;-;1;-;2;-;1;3;23
"521570 Palmeiras de Goiás";6;26;1;6;1;5;-;-;35;9;13;-;1;2;-;1;1;4;13;124
"521580 Palmelo";-;3;-;-;-;1;-;-;7;2;-;-;-;1;-;-;-;1;2;17
"521590 Palminópolis";2;5;-;-;-;-;-;-;8;4;-;-;1;-;-;2;-;-;3;25
"521600 Panamá";1;3;-;1;-;-;-;-;-;3;-;-;-;2;-;-;-;-;4;14
"521630 Paranaiguara";2;7;-;2;1;1;-;-;21;15;5;-;1;1;-;2;-;-;11;69
"521640 Paraúna";1;9;-;3;-;-;-;-;30;10;4;-;-;1;-;3;-;4;8;73
"521645 Perolândia";1;4;-;-;-;-;-;-;4;2;1;-;-;-;-;-;-;-;5;17
"521680 Petrolina de Goiás";4;3;-;2;-;2;-;-;13;4;3;-;1;4;-;1;-;1;8;46
"521690 Pilar de Goiás";1;3;-;-;-;-;-;-;5;2;-;-;-;-;-;-;1;-;4;16
"521710 Piracanjuba";12;28;2;13;3;2;-;-;53;21;5;-;-;2;-;-;2;5;18;166
"521720 Piranhas";4;12;1;9;1;1;-;-;24;8;1;-;-;-;-;1;-;-;9;71
"521730 Pirenópolis";8;17;-;12;2;5;-;-;41;19;5;-;-;4;1;2;1;1;27;145
"521740 Pires do Rio";12;28;1;15;-;2;-;-;67;23;15;1;1;5;1;3;1;14;19;208
"521760 Planaltina";18;47;1;17;2;6;-;-;82;25;22;-;-;1;-;18;8;3;124;374
"521770 Pontalina";3;18;-;7;1;2;-;-;46;21;5;-;-;1;-;2;-;6;13;125
"521800 Porangatu";14;17;1;11;5;9;-;-;64;20;16;1;-;9;-;2;1;15;34;219
"521805 Porteirão";-;4;-;-;-;-;-;-;5;-;-;-;-;-;-;-;1;-;4;14
"521810 Portelândia";-;4;-;3;1;-;-;-;11;1;2;-;-;-;-;-;-;-;1;23
"521830 Posse";17;16;-;5;4;2;-;-;27;11;9;-;-;3;-;6;6;26;33;165
"521839 Professor Jamil";3;2;-;-;-;1;-;-;5;2;-;-;-;1;-;-;-;-;1;15
"521850 Quirinópolis";8;38;2;27;4;6;-;-;65;26;18;2;-;5;-;6;-;4;67;278
"521860 Rialma";8;12;-;4;1;1;-;-;17;8;1;-;-;2;-;-;-;2;13;69
"521870 Rianápolis";1;5;-;4;-;-;-;-;10;7;2;-;-;1;-;1;-;-;8;39
"521878 Rio Quente";1;1;-;2;-;1;-;-;4;2;1;-;-;-;-;-;-;-;1;13
"521880 Rio Verde";39;129;10;52;27;33;-;-;261;145;68;4;2;27;5;33;10;3;184;1032
"521890 Rubiataba";6;15;2;7;5;3;-;-;34;9;9;-;1;3;-;2;-;1;17;114
"521900 Sanclerlândia";3;10;-;7;-;2;-;-;12;3;2;-;-;1;-;-;1;-;3;44
"521910 Santa Bárbara de Goiás";1;6;-;2;-;-;-;-;8;4;1;-;-;1;-;-;-;2;6;31
"521920 Santa Cruz de Goiás";1;2;-;2;-;-;-;-;4;1;-;-;-;-;-;-;-;1;3;14
"521925 Santa Fé de Goiás";-;5;-;-;2;-;-;-;12;3;-;-;-;-;-;-;1;-;3;26
"521930 Santa Helena de Goiás";12;42;1;15;2;6;-;-;55;39;10;1;1;7;-;5;2;23;44;265
"521935 Santa Isabel";1;3;-;2;-;-;-;-;6;2;1;-;-;-;-;-;-;-;2;17
"521940 Santa Rita do Araguaia";4;2;-;1;1;-;-;-;7;4;3;-;2;1;1;-;1;3;6;36
"521945 Santa Rita do Novo Destino";-;-;-;-;-;-;-;-;4;-;-;-;-;1;1;2;-;-;5;13
"521950 Santa Rosa de Goiás";2;1;-;-;-;1;-;-;7;4;-;-;-;1;-;-;-;-;1;17
"521960 Santa Tereza de Goiás";3;3;1;2;-;-;-;-;8;2;2;-;-;1;-;-;2;-;4;28
"521970 Santa Terezinha de Goiás";6;12;-;8;-;-;-;-;21;8;2;-;-;1;-;2;1;2;13;76
"521971 Santo Antônio da Barra";2;5;-;-;-;-;-;-;3;3;-;-;-;-;-;1;-;3;4;21
"521973 Santo Antônio de Goiás";1;7;-;1;-;1;-;-;11;4;2;-;-;-;-;1;1;-;6;35
"521975 Santo Antônio do Descoberto";12;28;-;20;6;6;-;-;81;14;19;-;1;3;-;10;3;5;87;295
"521980 São Domingos";4;6;-;-;2;-;-;-;12;2;-;-;-;-;-;-;-;2;14;42
"521990 São Francisco de Goiás";3;4;-;-;1;-;-;-;12;5;2;-;-;-;-;-;-;-;7;34
"522000 São João d'Aliança";4;5;-;3;-;2;-;-;10;4;2;-;-;1;-;-;-;3;6;40
"522005 São João da Paraúna";-;3;1;2;-;-;-;-;2;-;-;-;-;-;-;-;-;-;3;11
"522010 São Luís de Montes Belos";10;26;2;12;2;4;-;-;63;33;10;-;-;5;-;1;3;2;20;193
"522015 São Luíz do Norte";2;4;-;2;1;-;-;-;13;5;2;-;-;-;-;-;-;-;3;32
"522020 São Miguel do Araguaia";2;19;1;5;3;3;-;-;46;15;5;-;1;3;-;1;1;2;33;140
"522026 São Miguel do Passa Quatro";1;3;-;4;1;-;-;-;7;1;1;-;-;-;-;2;-;1;6;27
"522028 São Patrício";1;1;-;1;-;1;-;-;4;2;-;-;-;-;-;-;-;-;1;11
"522040 São Simão";1;11;1;8;2;5;-;-;40;21;6;1;1;4;-;1;-;12;12;126
"522045 Senador Canedo";26;69;-;26;2;7;-;-;156;89;34;3;1;7;-;19;7;6;141;593
"522050 Serranópolis";1;9;-;2;2;1;-;-;12;4;1;-;-;1;-;1;1;1;6;42
"522060 Silvânia";10;13;1;3;-;2;-;-;36;12;6;-;-;5;-;4;-;4;11;107
"522068 Simolândia";1;3;1;7;1;1;-;-;14;2;1;1;-;-;1;-;-;1;15;49
"522070 Sítio d'Abadia";-;1;-;-;-;-;-;-;5;1;1;-;-;1;-;-;-;2;-;11
"522100 Taquaral de Goiás";1;2;-;-;1;-;-;-;3;2;-;1;-;1;-;-;-;6;3;20
"522108 Teresina de Goiás";1;-;-;-;-;-;-;-;6;-;-;-;-;-;-;1;1;-;-;9
"522119 Terezópolis de Goiás";5;3;-;-;-;-;-;-;10;6;3;-;-;1;-;-;2;1;8;39
"522130 Três Ranchos";-;1;-;1;-;1;-;-;8;4;2;-;-;1;-;-;-;1;-;19
"522140 Trindade";49;96;4;36;9;11;-;-;192;87;45;-;6;14;1;11;5;11;144;721
"522145 Trombas";-;5;-;2;-;1;-;-;4;4;1;-;-;-;-;-;-;1;2;20
"522150 Turvânia";3;9;-;-;-;1;-;-;6;3;1;-;-;2;-;-;-;1;7;33
"522155 Turvelândia";-;2;-;1;-;1;-;-;1;1;-;-;-;-;-;-;-;1;7;14
"522157 Uirapuru";2;-;-;-;-;1;-;-;4;-;-;-;-;-;-;1;-;-;2;10
"522160 Uruaçu";17;35;2;16;1;4;-;-;70;30;14;-;-;5;-;3;2;6;31;236
"522170 Uruana";7;14;-;8;2;2;-;-;32;11;3;-;-;-;-;2;-;1;12;94
"522180 Urutaí";1;2;-;1;-;-;-;-;7;2;1;-;-;-;-;-;-;2;1;17
"522185 Valparaíso de Goiás";19;77;1;20;11;19;-;1;135;38;19;-;2;4;2;17;7;15;125;512
"522190 Varjão";-;5;-;3;-;1;-;-;3;2;1;-;-;-;-;-;-;1;1;17
"522200 Vianópolis";1;9;-;1;1;2;-;-;20;5;3;-;-;3;1;2;1;-;10;59
"522205 Vicentinópolis";3;8;-;5;-;1;-;-;11;5;2;-;-;-;1;2;1;4;8;51
"522220 Vila Boa";1;2;-;-;-;1;-;-;7;3;1;-;-;1;-;1;-;-;6;23
"522230 Vila Propício";-;1;-;-;2;-;-;-;7;1;4;-;-;2;-;-;-;1;6;24
"520000 Município ignorado - GO";3;1;-;5;3;-;-;-;28;5;3;-;-;-;-;1;-;18;135;202
"530010 Brasília";504;2288;28;515;153;313;1;2;3120;1055;609;18;80;190;25;341;203;75;1888;11408
"Total";52058;196954;6388;74726;13052;30300;15;143;339672;137832;61934;3919;5001;29709;1787;22745;10752;71804;151683;1210474
 Fonte: MS/SVS/CGIAE - Sistema de Informações sobre Mortalidade - SIM
 Nota:
 
 Em 2011, houve uma mudança no conteúdo da Declaração de Óbito, com maior detalhamento das informações coletadas. Para este ano, foram
 utilizados simultaneamente os dois formulários. Para mais detalhes sobre as mudanças ocorridas e os seus efeitos, veja o documento
 "Sistema de Informações sobre Mortalidade - SIM. Consolidação da base de dados de 2011".
 No dia 13/06/2019, os arquivos do SIM referentes ao ano de notificação 2017 foram atualizados, com alteração das causas básicas de 2 registros e exclusão de 1 registro.
 
